20984.0
21116.0
21119.0
21170.0
21232.0
21235.0
21352.0
21379.0
21381.0
21384.0
21392.0
21395.0
21397.0
21400.0
21404.0
21407.0
21434.0
21440.0
21442.0
21445.0
21454.0
21457.0
21478.0
21481.0
21483.0
21486.0
21490.0
21493.0
21495.0
21498.0
21502.0
21507.0
21510.0
21519.0
21522.0
21540.0
21542.0
21545.0
21549.0
21552.0
21554.0
21572.0
21576.0
21578.0
21581.0
21585.0
21588.0
21590.0
21593.0
21720.0
21723.0
21725.0
21728.0
21732.0
21735.0
21737.0
21740.0
21744.0
21749.0
21752.0
21756.0
21759.0
21761.0
21769.0
21772.0
21774.0
21786.0
21789.0
21793.0
21798.0
21801.0
21805.0
21808.0
21810.0
21813.0
21817.0
21820.0
21822.0
21825.0
21844.0
21846.0
21849.0
21853.0
21858.0
21861.0
21894.0
21896.0
21899.0
21906.0
21908.0
21943.0
21946.0
21951.0
21955.0
21958.0
21960.0
21963.0
22024.0
22029.0
22032.0
22036.0
22039.0
22041.0
22048.0
22051.0
22053.0
22056.0
22060.0
22063.0
22065.0
22068.0
22072.0
22075.0
22077.0
22083.0
22099.0
22102.0
22107.0
22114.0
22116.0
22165.0
22170.0
22178.0
22181.0
22183.0
22186.0
22194.0
22199.0
22200.0
22204.0
22207.0
22209.0
22339.0
22341.0
22350.0
22353.0
22355.0
22390.0
22393.0
22395.0
22398.0
22407.0
22410.0
22515.0
22523.0
22531.0
22535.0
22538.0
22540.0
22543.0
22550.0
22559.0
22562.0
22564.0
22567.0
22574.0
22576.0
22579.0
22584.0
22587.0
22589.0
22592.0
22599.0
22604.0
22608.0
22611.0
22613.0
22616.0
22620.0
22625.0
22628.0
22632.0
22635.0
22637.0
22640.0
22644.0
22649.0
22652.0
22656.0
22677.0
22680.0
22684.0
22687.0
22689.0
22692.0
22696.0
22699.0
22701.0
22704.0
22709.0
22712.0
22714.0
22717.0
22721.0
22724.0
22726.0
22729.0
22803.0
22807.0
22810.0
22812.0
22815.0
22822.0
22823.0
22826.0
22837.0
22840.0
22844.0
22847.0
22851.0
22854.0
22856.0
22863.0
22866.0
22868.0
22896.0
22900.0
22903.0
22905.0
22908.0
22912.0
22915.0
22917.0
22920.0
22995.0
22998.0
23000.0
23003.0
23007.0
23029.0
23033.0
23036.0
23038.0
23041.0
23060.0
23063.0
23065.0
23072.0
23076.0
23078.0
23086.0
23090.0
23093.0
23095.0
23098.0
23102.0
23105.0
23107.0
23110.0
23114.0
23117.0
23119.0
23122.0
23126.0
23129.0
23131.0
23135.0
23139.0
23144.0
23151.0
23154.0
23156.0
23166.0
23171.0
