20122	674.228	763.113	1099.65	712.383	808.054	677.782	721.331	1175.23



>>>>> Goodbye. <<<<<


20125	808.687	766.424	1261.46	674.226	830.49	696.305	751.721	1204.13



>>>>> Goodbye. <<<<<


20127	730.094	801.683	1244.09	674.418	834.222	679.702	751.325	1225.7



>>>>> Goodbye. <<<<<


20130	776.553	801.457	1087.91	637.555	796.78	674.471	722.121	1163.32



>>>>> Goodbye. <<<<<


20134	801.225	768.123	1150.63	713.139	786.97	679.422	735.267	1239.71



>>>>> Goodbye. <<<<<


20137	768.048	752.199	1069.7	723.516	800.687	657.538	713.042	1168.01



>>>>> Goodbye. <<<<<


20139	802.005	746.116	1114.73	696.243	800.918	687.003	707.11	1189.52



>>>>> Goodbye. <<<<<


20142	784.656	729.759	1091.49	698.906	824.506	664.319	731.96	1230.85



>>>>> Goodbye. <<<<<


20147	762.803	808.083	1114.53	712.593	800.652	681.724	735.251	1229.72



>>>>> Goodbye. <<<<<


20150	712.3	784.143	1110.32	664.195	802.213	696.129	737.449	1215.95



>>>>> Goodbye. <<<<<


20152	679.674	783.798	1180.95	730.141	821.021	681.578	724.129	1190.85



>>>>> Goodbye. <<<<<


20155	802.012	777.35	1168.23	696.237	800.927	674.497	726.259	1255.23



>>>>> Goodbye. <<<<<


20159	793.187	743.041	1119.21	723.748	805.294	679.52	724.58	1188.83



>>>>> Goodbye. <<<<<


20162	834.244	793.281	1181.29	721.009	813.979	686.617	748.938	1212.17



>>>>> Goodbye. <<<<<


20164	712.97	808.635	1180.84	687.362	801.502	712.618	745.687	1255.58



>>>>> Goodbye. <<<<<


20167	760.301	751.354	1162.81	640.04	801.86	664.138	740.746	1199.48



>>>>> Goodbye. <<<<<


20217	840.195	723.494	840.547	653.466	674.29	692.586	759.793	1048.72



>>>>> Goodbye. <<<<<


20220	594.709	815.508	1011.13	771.183	768.891	657.538	685.028	1123.08



>>>>> Goodbye. <<<<<


20222	899.404	640.048	895.797	652.367	815.083	646.939	662.727	1074.09



>>>>> Goodbye. <<<<<


20225	707.26	783.523	1066.08	901.166	654.706	647.552	632.515	1068.58



>>>>> Goodbye. <<<<<


20229	556.755	753.234	814.635	720.848	794.683	713.058	690.097	1113



>>>>> Goodbye. <<<<<


20232	812.762	859.793	876.07	537.725	728.488	659.663	721.452	996.919



>>>>> Goodbye. <<<<<


20234	865.619	834.054	989.335	604.13	698.742	754.68	699.221	1105.59



>>>>> Goodbye. <<<<<


20237	802.352	652.265	1275.04	715.478	766.698	682.682	679.552	1051.73



>>>>> Goodbye. <<<<<


20241	651.737	729.487	1008.18	666.75	754.583	651.675	698.757	1096.79



>>>>> Goodbye. <<<<<


20244	751.484	704.44	1069.26	698.273	769.052	631.822	696.65	1099.86



>>>>> Goodbye. <<<<<


20246	743.481	720.997	926.362	706.789	774.758	657.037	718.312	1110.07



>>>>> Goodbye. <<<<<


20249	679.191	712.603	1030.7	712.458	760.289	639.392	707.446	1104.3



>>>>> Goodbye. <<<<<


20254	671.869	712.379	1026.85	735.194	784.198	652.05	664.078	1149.92



>>>>> Goodbye. <<<<<


20257	672.084	751.556	1035.15	687.102	768.061	659.841	674.669	1103.94



>>>>> Goodbye. <<<<<


20259	656.949	751.528	1016.15	646.75	763.41	654.453	679.793	1113.4



>>>>> Goodbye. <<<<<


20262	712.358	762.446	1008.63	686.741	768.535	652.482	689.062	1117.62



>>>>> Goodbye. <<<<<


20543	637.086	572.677	945.753	588.094	415.342	605.981	426.505	985.968



>>>>> Goodbye. <<<<<


20546	652.065	624.1	1008.15	639.863	459.794	649.464	432.571	1008.38



>>>>> Goodbye. <<<<<


20548	801.65	674.388	1019.7	631.915	444.059	652.254	426.803	1000.3



>>>>> Goodbye. <<<<<


20551	751.705	639.444	1069.29	646.792	434.269	636.87	418.854	1003.83



>>>>> Goodbye. <<<<<


20555	760.073	664.439	1060.1	706.79	472.25	619.88	421.592	974.605



>>>>> Goodbye. <<<<<


20558	664.794	636.957	1030.71	629.737	426.787	590.473	426.883	1007.31



>>>>> Goodbye. <<<<<


20560	751.462	704.966	974.1	614.917	435.686	610.209	429.525	1004.62



>>>>> Goodbye. <<<<<


20574	760.126	649.956	989.791	664.261	462.092	613.36	482.6	1042.2



>>>>> Goodbye. <<<<<


20577	686.713	636.787	964.117	644.882	439.299	630.323	493.543	1020.27



>>>>> Goodbye. <<<<<


20579	713.041	593.146	945.802	615.149	426.133	615.011	495.938	1008.91



>>>>> Goodbye. <<<<<


20592	745.892	639.446	989.677	706.955	426.126	632.182	503.483	1038.43



>>>>> Goodbye. <<<<<


20596	686.52	621.48	955.56	712.654	426.282	637.206	475.542	1008.01



>>>>> Goodbye. <<<<<


20599	776.564	646.901	1005.09	743.308	434.297	647.129	497.676	1051.33



>>>>> Goodbye. <<<<<


20601	805.138	651.95	978.706	721.348	434.128	637.394	497.631	1064.71



>>>>> Goodbye. <<<<<


20604	704.004	629.735	956.833	679.759	429.591	652.04	512.134	1016.13



>>>>> Goodbye. <<<<<


20608	784.133	651.745	985.879	696.042	434.115	623.895	500.303	1034.76



>>>>> Goodbye. <<<<<


20615	783.764	664.301	1020.13	768.494	429.866	639.845	523.488	1055.88



>>>>> Goodbye. <<<<<


20617	783.919	698.52	964.24	746.006	466.626	664.359	529.522	1052.23



>>>>> Goodbye. <<<<<


20620	800.041	696.331	937.322	712.425	440.763	617.008	508.811	1027.43



>>>>> Goodbye. <<<<<


20624	777.287	746.663	1064.76	743.762	470.143	652.043	551.842	1051.15



>>>>> Goodbye. <<<<<


20627	801.119	654.249	979.004	715.595	436.15	623.786	495.418	1018.9



>>>>> Goodbye. <<<<<


20629	671.744	637.468	979.156	712.542	439.035	632.381	497.542	1016.29



>>>>> Goodbye. <<<<<


20632	774.21	674.575	975.354	679.706	478.873	632.104	500.918	1056.37



>>>>> Goodbye. <<<<<


20636	657.141	671.546	1005.32	674.178	455.043	629.614	497.614	1026.34



>>>>> Goodbye. <<<<<


20639	793.531	629.871	1000.9	685.668	479.355	646.92	513.953	1087.97



>>>>> Goodbye. <<<<<


20641	817.503	615.884	1031.35	692.014	475.741	639.528	497.22	1047.61



>>>>> Goodbye. <<<<<


20646	751.689	651.892	948.664	706.985	449.963	632.313	500.944	1055.97



>>>>> Goodbye. <<<<<


20650	754.11	652.216	1056.06	703.873	438.906	637.436	523.609	1082.29



>>>>> Goodbye. <<<<<


20653	679.131	664.468	978.73	729.131	456.873	639.857	527.65	1052.28



>>>>> Goodbye. <<<<<


20655	754.245	629.57	990.349	729.214	456.382	640.058	529.34	1051.38



>>>>> Goodbye. <<<<<


20658	800.196	721.622	1019.79	686.96	502.822	631.854	523.094	1055.54



>>>>> Goodbye. <<<<<


20662	715.697	621.388	979.267	687.348	482.411	651.684	521.352	1065.73



>>>>> Goodbye. <<<<<


20665	674.706	698.935	1007.89	712.294	495.771	636.97	535.415	1117.55



>>>>> Goodbye. <<<<<


20667	784.4	639.321	990.229	704.151	497.557	647.706	527.403	1101.16



>>>>> Goodbye. <<<<<


20670	783.773	664.816	915.433	735.439	479.041	629.358	527.253	1069.13



>>>>> Goodbye. <<<<<


20674	762.646	686.777	997.43	751.328	475.244	629.913	537.795	1091.84



>>>>> Goodbye. <<<<<


20677	945.182	659.553	1015.44	713.121	513.931	645.065	539.811	1068.86



>>>>> Goodbye. <<<<<


20679	666.851	629.483	989.334	686.567	459.815	614.489	523.034	1031.08



>>>>> Goodbye. <<<<<


20682	802.411	735.209	955.69	729.06	465.483	664.245	550.137	1077.18



>>>>> Goodbye. <<<<<


20719	664.373	569.872	963.887	614.9	445.643	610.542	488.205	1018.62



>>>>> Goodbye. <<<<<


20722	664.745	623.806	968.117	637.418	459.968	621.922	507.037	1038.95



>>>>> Goodbye. <<<<<


20724	712.686	618.759	971.711	645.001	461.517	609.974	501.111	1034.96



>>>>> Goodbye. <<<<<


20727	637.622	577.125	974.981	623.373	455.766	621.76	495.437	1015.45



>>>>> Goodbye. <<<<<


20731	664.773	595.028	953.271	637.121	461.492	614.643	501.338	1029.83



>>>>> Goodbye. <<<<<


20734	691.76	561.992	915.741	637.465	461.722	619.653	512.529	1027.51



>>>>> Goodbye. <<<<<


20736	629.325	628.553	914.946	629.419	444.001	597.368	512.347	1023.69



>>>>> Goodbye. <<<<<


20739	629.891	594.711	967.896	551.581	466.683	603.937	501.363	1008.28



>>>>> Goodbye. <<<<<


20783	632.091	608.071	989.927	566.347	471.785	623.618	482.664	1003.87



>>>>> Goodbye. <<<<<


20786	666.975	644.481	974.79	576.449	487.213	651.826	485.995	1030.65



>>>>> Goodbye. <<<<<


20788	704.202	664.547	1031.07	623.361	495.354	637.063	475.69	1052.23



>>>>> Goodbye. <<<<<


20791	729.249	674.901	956.718	578.87	480.824	610.499	467.166	1026.69



>>>>> Goodbye. <<<<<


20795	745.725	667.163	1031.05	594.421	475.265	614.908	488.446	1046.95



>>>>> Goodbye. <<<<<


20798	737.448	660.137	953.247	566.391	487.855	616.981	479.042	1026.66



>>>>> Goodbye. <<<<<


20800	723.579	619.343	956.611	583.564	470.284	629.478	477.373	1019.17



>>>>> Goodbye. <<<<<


20803	729.19	621.506	1024.02	537.616	486.569	612.313	463.412	1068.35



>>>>> Goodbye. <<<<<


20976	759.733	610.193	1037.9	549.785	517.86	626.866	495.903	1153.39



>>>>> Goodbye. <<<<<


20979	752.117	651.721	1070.7	551.969	517.852	639.493	501.234	1145.97



>>>>> Goodbye. <<<<<


20981	729.058	666.583	1087.36	601.509	512.101	644.296	499.178	1202.27



>>>>> Goodbye. <<<<<


20984	743.712	636.857	1015.95	644.771	523.699	659.165	497.716	1186.18



>>>>> Goodbye. <<<<<


20988	746.547	608.214	1068.83	610.563	523.782	641.912	545.389	1190.3



>>>>> Goodbye. <<<<<


20991	715.427	610.015	1074.52	621.717	500.993	647.146	543.439	1189.64



>>>>> Goodbye. <<<<<


20993	743.057	619.507	1065.29	545.404	506.71	659.33	533.951	1211.91



>>>>> Goodbye. <<<<<


21101	743.002	639.284	1041.54	674.09	491.642	679.227	492.299	1159.01



>>>>> Goodbye. <<<<<


21104	703.879	637.355	1026.9	704.904	486.407	681.829	495.889	1149.39



>>>>> Goodbye. <<<<<


21106	721.165	636.982	1055.61	664.425	490.069	687.297	491.684	1155.03



>>>>> Goodbye. <<<<<


21109	720.954	644.844	1041.6	684.137	495.792	704.582	497.854	1189.29



>>>>> Goodbye. <<<<<


21113	833.923	784.574	1105.52	696.385	545.392	713.543	510.356	1238.08



>>>>> Goodbye. <<<<<


21116	760.456	652.09	1056.07	608.23	495.982	682.407	509.085	1203.98



>>>>> Goodbye. <<<<<


21119	712.849	637.325	1038.77	636.915	506.655	682.45	497.253	1190.7



>>>>> Goodbye. <<<<<


21141	735.462	664.162	1051.25	585.513	503.157	686.802	517.653	1190.76



>>>>> Goodbye. <<<<<


21144	762.543	679.344	1074.63	601.273	497.306	712.777	539.604	1244.47



>>>>> Goodbye. <<<<<


21146	759.954	663.287	1118.62	623.771	506.851	701.103	521.74	1176.85



>>>>> Goodbye. <<<<<


21149	777.085	657.081	1068.69	614.653	490.246	686.437	523.446	1162.63



>>>>> Goodbye. <<<<<


21153	729.269	686.583	1078.42	610.417	523.421	706.89	523.464	1188.67



>>>>> Goodbye. <<<<<


21156	754.248	644.755	1078.47	610.098	491.921	682.289	523.183	1176.99



>>>>> Goodbye. <<<<<


21158	712.72	664.815	1019.89	596.832	495.313	687.013	516.198	1189.87



>>>>> Goodbye. <<<<<


21161	735.308	645.067	1087.22	610.043	506.702	664.218	541.329	1225.02



>>>>> Goodbye. <<<<<


21165	721.167	659.219	1055.12	629.38	492.001	636.911	523.839	1181.4



>>>>> Goodbye. <<<<<


21168	783.757	629.845	1091.78	659.119	518.013	644.391	533.945	1199.27



>>>>> Goodbye. <<<<<


21170	721.18	735.381	1038.55	601.14	512.487	659.637	539.519	1202.28



>>>>> Goodbye. <<<<<


21173	760.082	704.753	1023.88	596.698	497.677	646.933	544.223	1189.94



>>>>> Goodbye. <<<<<


21177	815.419	713.327	1056.31	610.411	517.899	659.518	551.557	1226.07



>>>>> Goodbye. <<<<<


21180	704.529	644.811	1038.77	619.526	501.092	646.924	539.285	1193.96



>>>>> Goodbye. <<<<<


21182	729.226	629.963	1055.5	664.319	487.971	647.301	529.178	1207.05



>>>>> Goodbye. <<<<<


21185	793.59	686.568	1088.1	723.95	523.535	657.296	545.915	1229.8



>>>>> Goodbye. <<<<<


21191	686.918	614.51	1000.65	615.975	493.502	630.178	503.277	1118.1



>>>>> Goodbye. <<<<<


21194	768.568	696.126	1051.47	590.01	506.739	649.962	523.203	1203.56



>>>>> Goodbye. <<<<<


21196	745.873	687.594	1087.83	583.726	517.773	639.581	523.439	1235.09



>>>>> Goodbye. <<<<<


21199	729.654	632.005	1051.92	578.907	503.361	657.106	512.746	1181.49



>>>>> Goodbye. <<<<<


21203	754.391	646.977	1064.8	603.61	508.692	657.32	503.232	1175.8



>>>>> Goodbye. <<<<<


21206	768.695	671.715	1078.94	613.136	529.542	654.166	514.037	1193.22



>>>>> Goodbye. <<<<<


21208	712.226	632.004	978.255	594.826	508.355	619.39	499.168	1216.6



>>>>> Goodbye. <<<<<


21211	787.085	712.594	1168.46	659.228	519.517	626.974	503.191	1136.52



>>>>> Goodbye. <<<<<


21215	783.933	707.547	1038.19	657.356	549.904	666.639	512.526	1154.44



>>>>> Goodbye. <<<<<


21218	790.983	679.39	1027.68	596.573	518.055	664.378	501.583	1230.39



>>>>> Goodbye. <<<<<


21220	735.224	664.346	1064.93	639.924	500.862	644.588	497.407	1218.67



>>>>> Goodbye. <<<<<


21223	843.724	707.156	1030.47	644.82	508.707	672.21	521.514	1230.76



>>>>> Goodbye. <<<<<


21227	776.975	614.761	1024.98	601.059	508.815	629.894	529.29	1190.3



>>>>> Goodbye. <<<<<


21230	801.119	737.441	1027.57	637.546	527.201	676.589	523.703	1253.97



>>>>> Goodbye. <<<<<


21232	802.748	715.665	1074.47	667.182	544.134	644.766	523.182	1289.95



>>>>> Goodbye. <<<<<


21235	746.468	651.932	1051.28	570.601	503.044	671.683	510.183	1188.53



>>>>> Goodbye. <<<<<


21334	875.643	945.176	1484.54	840.016	938.124	821.282	963.959	1139.6



>>>>> Goodbye. <<<<<


21337	815.172	975.24	1402	800.507	888.705	796.531	956.447	1123.61



>>>>> Goodbye. <<<<<


21339	808.662	990.407	1429.01	793.784	912.321	808.573	960.214	1113.68



>>>>> Goodbye. <<<<<


21342	860.133	1030.38	1446.16	830.593	904.843	849.95	967.752	1113.01



>>>>> Goodbye. <<<<<


21346	805.354	1019.9	1468.74	791.219	914.934	824.423	971.494	1123.34



>>>>> Goodbye. <<<<<


21349	1105.62	1128.12	1589.76	852.645	964.462	868.399	1007.48	1255.71



>>>>> Goodbye. <<<<<





>>>>> Goodbye. <<<<<


21355	824.392	1019.46	1389.74	672.228	922.5	812.072	978.82	1199.74



>>>>> Goodbye. <<<<<


21364	850.121	1027.38	1450.52	815.217	911.11	814.667	1001.3	1181.34



>>>>> Goodbye. <<<<<


21367	875.63	1118.89	1567.37	830.935	922.139	843.881	1015.33	1216.37



>>>>> Goodbye. <<<<<


21369	888.223	1091.94	1513.6	869.305	919.461	824.06	1015.74	1181.79



>>>>> Goodbye. <<<<<


21372	833.763	1087.46	1442.95	808.648	900.989	843.625	1000.14	1194.61



>>>>> Goodbye. <<<<<


21376	896.622	1168	1468.2	808.793	945.634	834.285	1007.43	1216.05



>>>>> Goodbye. <<<<<


21379	843.396	1127.86	1463.25	817.474	885.41	801.915	1015.14	1168.14



>>>>> Goodbye. <<<<<


21381	896.682	1019.24	1466.37	805.491	914.43	828.135	993.175	1189.39



>>>>> Goodbye. <<<<<


21384	834.346	1019.52	1462.33	768.213	934.194	850.176	1016.54	1189.84



>>>>> Goodbye. <<<<<


21392	833.95	978.788	1405.95	769.057	900.97	808.315	978.286	1152.92



>>>>> Goodbye. <<<<<


21395	830.712	1008.78	1478.66	784.027	896.554	834.541	978.99	1162.91



>>>>> Goodbye. <<<<<


21397	801.989	975.535	1407.39	777.187	895.18	801.6	974.123	1163.49



>>>>> Goodbye. <<<<<


21400	844.165	967.668	1401.35	774.241	884.96	801.27	971.176	1153.7



>>>>> Goodbye. <<<<<


21404	834.557	1027.76	1401.98	768.057	904.211	853.229	970.917	1141.46



>>>>> Goodbye. <<<<<


21407	821.843	1008.71	1451.23	777.201	888.01	815.013	982.845	1154.65



>>>>> Goodbye. <<<<<


21409	834.101	1008.83	1423.18	779.404	878.15	808.017	971.339	1149.56



>>>>> Goodbye. <<<<<


21412	850.207	1055.49	1428.7	779.642	904.401	834.121	985.666	1181.76



>>>>> Goodbye. <<<<<


21434	834.659	996.778	1450.59	805.566	885.044	830.615	963.658	1132.1



>>>>> Goodbye. <<<<<


21440	868.641	1030.84	1501.39	787.049	923.421	826.221	986.429	1105.53



>>>>> Goodbye. <<<<<


21442	879.039	1105.44	1463.23	800.995	930.782	804.662	985.367	1153.32



>>>>> Goodbye. <<<<<


21445	890.075	1000.29	1476.37	751.971	888.889	800.445	966.144	1136.91



>>>>> Goodbye. <<<<<


21449	885.443	1077.51	1530.36	852.878	926.392	843.181	974.654	1136.4



>>>>> Goodbye. <<<<<


21452	840.852	1077.7	1466.68	801.239	856.597	830.421	977.872	1126.24



>>>>> Goodbye. <<<<<


21454	805.831	1027.26	1451.47	814.47	895.795	805.432	988.641	1123.74



>>>>> Goodbye. <<<<<


21457	844.065	1055.95	1507.79	824.13	944.672	837.223	990.191	1172.51



>>>>> Goodbye. <<<<<


21478	802.241	989.475	1446.04	774.478	896.276	802.164	936.996	1137.09



>>>>> Goodbye. <<<<<


21481	876.146	979.049	1496.69	803.814	901.108	834.399	927.038	1155.08



>>>>> Goodbye. <<<<<


21483	904.373	1038.86	1446.67	801.028	884.274	866.222	937.285	1150.39



>>>>> Goodbye. <<<<<


21486	808.555	978.661	1429.91	808.548	884.667	821.237	960.29	1149.09



>>>>> Goodbye. <<<<<


21490	834.031	978.258	1512.06	804.691	901.169	825.059	963.027	1172.99



>>>>> Goodbye. <<<<<


21493	825.029	1031.34	1417.18	801.712	900.894	801.708	956.125	1137.1



>>>>> Goodbye. <<<<<


21495	801.747	967.849	1479.3	793.872	899.841	824.359	960.319	1132.27



>>>>> Goodbye. <<<<<


21498	859.487	1055.76	1462.69	802.634	896.6	814.653	971.57	1189.99



>>>>> Goodbye. <<<<<


21502	843.7	1055.82	1478.71	805.115	915.43	825.057	1004.49	1176.75



>>>>> Goodbye. <<<<<


21505	815.422	1016.11	1480.16	787.386	895.685	808.743	986.724	1150.49



>>>>> Goodbye. <<<<<


21507	858.915	1031.12	1450.86	787.044	878.801	813.114	986.386	1163.28



>>>>> Goodbye. <<<<<


21510	937.339	1056.09	1512.19	817.474	934.366	830.819	1027.78	1212.77



>>>>> Goodbye. <<<<<


21514	799.974	1019.52	1485.46	745.857	912.113	821.813	997.53	1153.3



>>>>> Goodbye. <<<<<


21517	859.667	1020.14	1467.39	784.019	885.461	856.681	1012.69	1167.69



>>>>> Goodbye. <<<<<


21519	888.319	1051.95	1512.91	800.808	896.493	888.786	1018.62	1153.74



>>>>> Goodbye. <<<<<


21522	805.524	1016.22	1446.44	805.594	904.118	834.211	1004.63	1128.07



>>>>> Goodbye. <<<<<


21537	815.161	1016.44	1463.34	800.289	895.482	812.125	996.67	1123.84



>>>>> Goodbye. <<<<<


21540	853.104	1105.53	1529.36	800.64	926.557	840.947	1007.93	1175.57



>>>>> Goodbye. <<<<<


21542	831.039	1041.58	1546.71	821.08	933.41	808.733	1007.31	1193.72



>>>>> Goodbye. <<<<<


21545	850.509	1020.27	1445.04	821.639	895.946	815.087	1026.93	1176.39



>>>>> Goodbye. <<<<<


21549	843.553	1056.74	1539.94	776.593	904.55	805.255	1041.11	1190.7



>>>>> Goodbye. <<<<<


21552	875.504	990.076	1479.17	793.261	894.996	814.734	1015.47	1154.76



>>>>> Goodbye. <<<<<


21554	834.553	1016.34	1496.37	801.013	904.583	840.561	1037.77	1185.97



>>>>> Goodbye. <<<<<


21557	926.832	1019.41	1529.27	824.934	899.993	821.188	1038.65	1167.5



>>>>> Goodbye. <<<<<


21572	853.25	985.938	1468.98	802.498	933.258	824.993	997.686	1141.37



>>>>> Goodbye. <<<<<


21576	888.687	1027.53	1446.44	808.743	908.433	868.952	996.893	1136.91



>>>>> Goodbye. <<<<<


21578	808.452	1069.73	1478.93	793.371	925.808	811.975	997.645	1162.69



>>>>> Goodbye. <<<<<


21581	831.453	1063.18	1494.63	800	875.551	830.103	1011.37	1114.58



>>>>> Goodbye. <<<<<


21585	869.356	1069.09	1372.13	763.268	904.68	814.933	1004.98	1101.17



>>>>> Goodbye. <<<<<


21588	815.492	915.923	1466.49	800.536	915.528	865.404	997.9	1114.48



>>>>> Goodbye. <<<<<


21590	938.027	1016.61	1406.73	821.813	872.777	824.604	997.214	1100.88



>>>>> Goodbye. <<<<<


21593	834.229	996.961	1434.28	784.328	888.561	834.528	1015.5	1204.12



>>>>> Goodbye. <<<<<


21720	801.622	1019.17	1446.17	787.248	884.924	805.819	1000.59	1069.19



>>>>> Goodbye. <<<<<


21723	830.5	967.721	1422.85	730.14	878.97	821.26	989.527	1036.27



>>>>> Goodbye. <<<<<


21725	805.257	1008.53	1389.35	751.503	900.496	805.835	978.751	1046.98



>>>>> Goodbye. <<<<<


21728	875.442	1037.91	1383.93	794.066	916.026	821.41	982.004	1074.63



>>>>> Goodbye. <<<<<


21732	784.058	978.826	1435.3	787.294	896.373	811.805	981.882	1050.53



>>>>> Goodbye. <<<<<


21735	833.765	1020.27	1390.44	815.05	903.837	821.196	985.687	1055.69



>>>>> Goodbye. <<<<<


21737	801.123	1008.03	1433.58	800.115	923.065	824.667	978.391	1043.12



>>>>> Goodbye. <<<<<


21740	805.493	1007.85	1384.04	768.393	896.645	794.18	978.856	1061.19



>>>>> Goodbye. <<<<<


21744	862.36	1015.75	1406.7	776.613	926.211	817.395	978.957	1051.95



>>>>> Goodbye. <<<<<


21747	802.655	1016.55	1355.59	769.986	915.61	814.995	1007.95	1041.87



>>>>> Goodbye. <<<<<


21749	804.986	1027.49	1406.74	754.134	896.354	815.012	990.308	1064.25



>>>>> Goodbye. <<<<<


21752	895.829	1019.83	1429.1	805.02	907.118	802	997.29	1074.25



>>>>> Goodbye. <<<<<


21756	843.645	1007.94	1385.26	762.595	875.216	814.392	1000.23	1074.62



>>>>> Goodbye. <<<<<


21759	853.277	1031.04	1483.7	776.982	885.411	817.736	1008.16	1064.75



>>>>> Goodbye. <<<<<


21761	776.447	1019.16	1389.35	786.969	922.907	834.55	1000.36	1055.18



>>>>> Goodbye. <<<<<


21764	805.722	1020.1	1418	751.497	887.739	817.632	979.044	1056.63



>>>>> Goodbye. <<<<<


21769	814.938	975.251	1418.31	774.575	882.108	814.941	996.814	1068.43



>>>>> Goodbye. <<<<<


21772	869.087	1019.51	1450.6	774.328	925.973	834.223	1004.53	1077.67



>>>>> Goodbye. <<<<<


21774	843.608	1023.97	1400.77	805.802	911.877	824.483	1005.1	1056.65



>>>>> Goodbye. <<<<<


21777	807.174	1008.7	1390.03	777.45	904.125	815.302	982.991	1042.44



>>>>> Goodbye. <<<<<


21781	783.702	1053.8	1433.99	746.29	911.233	823.605	989.484	1055.61



>>>>> Goodbye. <<<<<


21784	808.427	989.803	1405.91	768.983	895.148	801.017	989.534	1047.73



>>>>> Goodbye. <<<<<


21786	821.745	1064.71	1417.41	787.107	895.607	805.574	985.222	1073.86



>>>>> Goodbye. <<<<<


21789	834.273	1041.58	1466.79	793.296	888.81	821.827	1008.11	1077.91



>>>>> Goodbye. <<<<<


21793	843.935	1041.6	1401.06	830.605	885.548	821.213	1008.1	1065.53



>>>>> Goodbye. <<<<<


21796	862.247	1041.72	1390.16	800.462	896.07	811.926	993.922	1052.16



>>>>> Goodbye. <<<<<


21798	808.474	974.447	1390.59	760.351	907.107	804.814	986.002	1051.8



>>>>> Goodbye. <<<<<


21801	824.633	1019.74	1445.96	783.994	888.866	808.374	997.241	1076.02



>>>>> Goodbye. <<<<<


21805	804.822	989.463	1373.13	784.302	896.426	808.148	996.504	1041.95



>>>>> Goodbye. <<<<<


21808	808.481	1068.9	1429.26	776.458	892.026	811.894	1004.61	1086.19



>>>>> Goodbye. <<<<<


21810	840.488	986.62	1461.95	794.311	911.043	814.819	986.579	1037.75



>>>>> Goodbye. <<<<<


21813	814.821	1051.58	1418.43	800.937	885.352	823.865	996.721	1051.73



>>>>> Goodbye. <<<<<


21817	794.355	997.409	1418.05	768.343	889.716	817.508	986.25	1056.77



>>>>> Goodbye. <<<<<


21820	860.1	1000.75	1390.54	800.099	927.021	817.738	997.607	1050.27



>>>>> Goodbye. <<<<<


21822	834.007	1055.46	1429.11	815.064	895.974	815.256	969.192	1078.75



>>>>> Goodbye. <<<<<


21825	759.756	1008.06	1417.35	754.692	911.354	808.401	974.043	1047.23



>>>>> Goodbye. <<<<<


21829	878.839	985.971	1418.45	801.047	901.01	839.478	968.093	1099.39



>>>>> Goodbye. <<<<<


21832	800.436	1019.88	1367.8	760.485	895.147	811.863	963.618	1054.99



>>>>> Goodbye. <<<<<


21834	762.583	1019.51	1373.05	776.521	896.111	815.059	967.716	1052.26



>>>>> Goodbye. <<<<<


21837	801.492	978.685	1388.98	808.113	904.326	830.822	975.219	1061.07



>>>>> Goodbye. <<<<<


21841	815.141	1015.99	1373.73	799.956	878.572	817.75	952.686	1064.58



>>>>> Goodbye. <<<<<


21844	784.252	997.642	1463.27	776.56	888.832	802.437	933.649	1050.53



>>>>> Goodbye. <<<<<


21846	824.893	968.133	1385.04	768.671	885.703	800.037	904.218	1077.81



>>>>> Goodbye. <<<<<


21849	843.613	990.399	1462.63	833.901	896.535	832.403	922.011	1087.49



>>>>> Goodbye. <<<<<


21853	783.929	1020.11	1418.04	751.838	914.99	795.411	885.014	1047.09



>>>>> Goodbye. <<<<<


21856	843.733	990.125	1418.35	783.734	921.986	804.423	892.112	1060.08



>>>>> Goodbye. <<<<<


21858	799.963	990.458	1401.71	776.674	914.946	793.425	896.377	1069.46



>>>>> Goodbye. <<<<<


21861	779.211	997.891	1435.48	768.793	875.202	801.05	895.27	1052



>>>>> Goodbye. <<<<<


21891	815.401	964.426	1390.8	801.07	866.008	801.088	948.601	1056.17



>>>>> Goodbye. <<<<<


21894	783.855	1038.94	1444.19	768.914	895.363	808.057	953.014	1051.78



>>>>> Goodbye. <<<<<


21896	833.97	1008.34	1450.87	794.395	895.138	817.504	956.459	1078.91



>>>>> Goodbye. <<<<<


21899	800.403	967.508	1389.85	743.166	900.17	802.653	930.333	1077.14



>>>>> Goodbye. <<<<<


21903	824.524	1105.09	1478.52	743.081	878.197	828.261	948.83	1091.23



>>>>> Goodbye. <<<<<


21906	802.502	1104.73	1445.23	760.151	895.668	808.389	960.445	1047.65



>>>>> Goodbye. <<<<<


21908	801.044	1031.42	1445.33	786.853	856.26	824.038	964	1061.17



>>>>> Goodbye. <<<<<


21911	937.979	990.126	1372.81	801.747	896.572	830.921	948.351	1091.69



>>>>> Goodbye. <<<<<


21943	859.492	1020.31	1422.92	808.286	900.318	821.375	989.372	1081.75



>>>>> Goodbye. <<<<<


21946	853.146	1019.44	1418.35	768.589	872.374	814.385	963.22	1055.49



>>>>> Goodbye. <<<<<


21948	768.31	1031.23	1389.62	774.408	888.031	808.43	959.188	1042.54



>>>>> Goodbye. <<<<<


21951	834.28	1042.3	1417.64	777.264	915.074	840.875	967.951	1068.42



>>>>> Goodbye. <<<<<


21955	801.347	1015.65	1451.56	768.692	895.339	800.784	966.834	1047.85



>>>>> Goodbye. <<<<<


21958	815.389	1042.92	1446.7	776.576	885.608	830.58	1003.98	1055.51



>>>>> Goodbye. <<<<<


21960	912.301	1019.58	1510.24	787.574	896.3	831.107	971.251	1086.98



>>>>> Goodbye. <<<<<


21963	815.2	1100.36	1366.6	746.369	895.211	834.662	956.374	1055.56



>>>>> Goodbye. <<<<<


22024	888.727	1065.47	1378.46	777.036	900.452	814.474	973.924	1068.93



>>>>> Goodbye. <<<<<


22027	800.825	1008.1	1400.76	760.643	875.237	804.951	956.04	1051.96



>>>>> Goodbye. <<<<<


22029	771.36	974.368	1434.1	743.218	879.05	777.145	967.07	1055.82



>>>>> Goodbye. <<<<<


22032	869.01	1009.03	1435.36	793.479	859.576	802.058	967.463	1086.25



>>>>> Goodbye. <<<<<


22036	801.619	978.035	1384.64	745.908	884.601	821.502	960.027	1050.69



>>>>> Goodbye. <<<<<


22039	824.969	1069.48	1418.57	805.818	885.317	824.038	960.242	1096.35



>>>>> Goodbye. <<<<<


22041	793.222	1016.6	1479.77	784.435	896.055	801.698	974.866	1077.93



>>>>> Goodbye. <<<<<


22044	808.652	1041.96	1385.22	754.392	859.435	817.416	989.595	1064.69



>>>>> Goodbye. <<<<<


22048	816.55	989.502	1390.46	801.035	878.496	830.551	957	1069.7



>>>>> Goodbye. <<<<<


22051	815.06	1100.94	1429.55	767.288	882.351	840.355	978.325	1055.69



>>>>> Goodbye. <<<<<


22053	824.776	1065.01	1452.06	800.594	875.383	815.292	979.294	1061.28



>>>>> Goodbye. <<<<<


22056	805.289	979.269	1372.94	751.951	878.351	801.561	973.699	1056.08



>>>>> Goodbye. <<<<<


22060	821.354	1030.82	1435.1	793.422	876.047	828.279	967.154	1077.78



>>>>> Goodbye. <<<<<


22063	793.407	934.225	1390.73	754.577	885.631	811.807	960.184	1065.16



>>>>> Goodbye. <<<<<


22065	800.007	985.881	1418.03	754.551	901.021	815.235	948.143	1064.9



>>>>> Goodbye. <<<<<


22068	751.388	1056.47	1433.52	754.697	872.857	823.992	974.3	1081.95



>>>>> Goodbye. <<<<<


22072	888.62	1065.56	1401.23	774.556	878.698	805.52	993.848	1099.95



>>>>> Goodbye. <<<<<


22075	843.611	1030.76	1385.19	768.615	895.155	814.904	963.174	1064.95



>>>>> Goodbye. <<<<<


22077	808.398	986.782	1423.18	768.5	891.834	821.088	971.257	1064.63



>>>>> Goodbye. <<<<<


22083	808.492	986.699	1438.68	784.494	911.717	824.838	990.469	1055.28



>>>>> Goodbye. <<<<<


22087	824.45	1055.92	1401.49	731.919	900.74	803.609	975.561	1038.47



>>>>> Goodbye. <<<<<


22090	860.055	1026.95	1398.99	784.309	922.58	800.695	977.309	1085.85



>>>>> Goodbye. <<<<<


22092	793.547	1055.51	1416.65	762.508	925.437	808.506	989.493	1099.85



>>>>> Goodbye. <<<<<


22095	801.822	1038.91	1412.98	752.087	907.061	811.636	977.778	1056.62



>>>>> Goodbye. <<<<<


22099	821.484	974.275	1389.99	793.512	900.222	821.237	989.217	1060.87



>>>>> Goodbye. <<<<<


22102	869.601	1078.36	1390.78	774.342	923.31	850.037	1000.55	1087.95



>>>>> Goodbye. <<<<<


22104	801.807	1041.6	1463.18	776.746	930.605	833.378	1007.23	1079.02



>>>>> Goodbye. <<<<<


22107	793.703	1065.69	1407.15	786.856	895.771	793.302	973.84	1078.71



>>>>> Goodbye. <<<<<


22111	824.389	978.601	1379.17	768.35	933.221	807.528	990.327	1065.45



>>>>> Goodbye. <<<<<


22114	821.729	986.648	1385.23	777.25	911.427	805.295	963.298	1056.1



>>>>> Goodbye. <<<<<


22116	805.316	1016.38	1428.67	793.274	901.011	805.434	966.64	1077.41



>>>>> Goodbye. <<<<<


22125	814.367	1043.32	1462.82	787.368	948.673	812.272	986.63	1069.14



>>>>> Goodbye. <<<<<


22128	824.163	979.055	1401.26	793.735	922.757	805.402	985.722	1037.98



>>>>> Goodbye. <<<<<


22130	824.852	979.172	1417.18	760.161	933.678	830.203	988.8	1069.36



>>>>> Goodbye. <<<<<


22133	922.705	1027.23	1480.12	793.567	937.356	814.578	986.109	1090.97



>>>>> Goodbye. <<<<<


22137	895.713	997.25	1372.85	779.238	925.801	824.027	978.869	1051.76



>>>>> Goodbye. <<<<<


22140	915.937	1086.65	1495.49	808.283	985.235	801.884	1000.77	1081.18



>>>>> Goodbye. <<<<<


22142	729.375	1055.86	1406.11	776.798	982.895	896.084	997.144	1105.11



>>>>> Goodbye. <<<<<


22146	816.572	1056.75	1422.82	751.95	911.912	820.388	978.221	1069.27



>>>>> Goodbye. <<<<<


22150	831.239	1031.16	1435.33	802.677	956.148	842.869	1003.89	1081.8



>>>>> Goodbye. <<<<<


22153	808.176	975.367	1401.63	814.451	922.37	802.739	978.404	1077.72



>>>>> Goodbye. <<<<<


22155	824.58	1019.81	1389.29	787.485	922.387	805.934	962.978	1056.01



>>>>> Goodbye. <<<<<


22158	964.022	1042.35	1523.22	858.951	944.163	815.009	1026.27	1149.07



>>>>> Goodbye. <<<<<


22165	824.306	1041.99	1418.71	792.126	952.442	830.118	1009.1	1091.51



>>>>> Goodbye. <<<<<


22168	800.517	1019.88	1390.81	776.514	915.914	821.334	996.524	1090.31



>>>>> Goodbye. <<<<<


22170	805.597	1042.29	1446.38	793.241	926.21	824.701	985.777	1105.73



>>>>> Goodbye. <<<<<


22174	834.426	1042.52	1467.81	852.981	948.676	825.031	1004.21	1077.88



>>>>> Goodbye. <<<<<


22178	824.267	1037.51	1429.71	751.567	938.056	816.343	978.375	1051.65



>>>>> Goodbye. <<<<<


22181	869.481	1016.31	1483.99	821.6	951.767	823.769	1012.34	1104.63



>>>>> Goodbye. <<<<<


22183	843.789	1040.01	1479.25	801.694	956.594	849.562	1008.45	1113.57



>>>>> Goodbye. <<<<<


22186	907.033	990.241	1356.71	768.559	923.014	815.216	966.838	1109.18



>>>>> Goodbye. <<<<<


22191	927.18	986.388	1572.27	759.723	952.2	865.671	997.344	1117.65



>>>>> Goodbye. <<<<<


22194	853.381	1065.09	1407.57	801.688	926.53	815.05	992.878	1064.78



>>>>> Goodbye. <<<<<


22196	814.823	1016.32	1434.29	783.884	926.417	821.093	983.075	1051.38



>>>>> Goodbye. <<<<<



>>>>> Goodbye. <<<<<


22200	852.911	1030.76	1417.85	814.695	963.349	840.831	982.976	1091.89



>>>>> Goodbye. <<<<<


22204	869.775	1078.28	1508.08	729.724	930.861	825.047	1008.48	1064.67



>>>>> Goodbye. <<<<<


22207	853.387	1090.85	1368.26	824.531	955.152	821.459	1005.18	1131.08



>>>>> Goodbye. <<<<<


22209	878.588	1153.45	1434.87	754.62	962.855	815.02	1015.84	1113.89



>>>>> Goodbye. <<<<<


22212	801.216	1016.06	1434.49	768.765	933.484	824.196	1004.55	1078.19



>>>>> Goodbye. <<<<<


22312	853.18	1027.71	1340.5	793.681	896.05	814.525	1015.97	1119.3



>>>>> Goodbye. <<<<<


22315	800.887	1041.52	1339.36	754.425	896.672	800.162	963.414	1100.74



>>>>> Goodbye. <<<<<


22317	824.963	1009.15	1355.99	743.29	900.634	801.603	948.401	1117.2



>>>>> Goodbye. <<<<<


22320	834.547	1042.29	1390.71	754.722	900.735	804.723	967.245	1119.19



>>>>> Goodbye. <<<<<


22324	834.156	967.637	1328.8	754.247	895.418	808.147	944.613	1114.3



>>>>> Goodbye. <<<<<


22327	843.189	1043.37	1422.34	754.445	914.932	824.399	937.726	1118.37



>>>>> Goodbye. <<<<<


22329	808.474	1051.96	1339.47	785.158	926.835	830.896	989.804	1149.35



>>>>> Goodbye. <<<<<


22332	802.642	1027.45	1366.48	760.499	904.168	808.185	971.69	1144.48



>>>>> Goodbye. <<<<<


22336	852.885	938.213	1356.55	801.824	908.49	824.562	993.59	1131.32



>>>>> Goodbye. <<<<<


22339	794.182	989.064	1388.8	801.999	902.192	815.237	986.115	1127.15



>>>>> Goodbye. <<<<<


22341	800.84	1078.23	1356.25	776.794	907.101	814.77	960.648	1141.6



>>>>> Goodbye. <<<<<


22346	843.874	1027.42	1433.72	774.565	904.162	830.736	970.953	1113.14



>>>>> Goodbye. <<<<<


22350	802.638	1019.88	1384.93	774.219	904.141	802.335	978.41	1141.31



>>>>> Goodbye. <<<<<


22353	888.139	1016.05	1400.24	808.146	900.908	825.051	1000.84	1114.34



>>>>> Goodbye. <<<<<


22355	840.965	979.364	1357.05	777.181	923.18	821.358	978.942	1141.61



>>>>> Goodbye. <<<<<


22358	808.747	1004.76	1379.12	768.161	901.02	801.796	966.565	1139.76



>>>>> Goodbye. <<<<<


22362	800	1042.2	1401.03	787.112	919.583	843.32	997.11	1154.84



>>>>> Goodbye. <<<<<


22365	776.626	997.819	1367.42	762.753	891.758	821.479	967.613	1117.99



>>>>> Goodbye. <<<<<


22367	801.846	978.859	1383.86	768.215	895.405	814.127	960.743	1113.86



>>>>> Goodbye. <<<<<


22370	833.697	978.888	1372.87	777.199	911.964	815.455	967.255	1132.14



>>>>> Goodbye. <<<<<


22374	805.445	986.445	1350.81	776.682	888.346	808.796	985.922	1126.58



>>>>> Goodbye. <<<<<


22377	808.39	996.759	1399.86	754.351	903.877	800.966	1000.93	1130.88



>>>>> Goodbye. <<<<<


22383	793.642	1030.69	1362.92	776.444	895.184	821.767	993.92	1149.22



>>>>> Goodbye. <<<<<


22386	824.249	979.306	1355.98	751.874	900.298	812.143	986.285	1114.49



>>>>> Goodbye. <<<<<


22390	843.284	974.511	1373.99	784.129	933.51	814.856	1000.64	1127.87



>>>>> Goodbye. <<<<<


22393	786.904	1030.47	1355.69	759.776	900.098	808.675	990.039	1131.77



>>>>> Goodbye. <<<<<


22395	804.929	967.864	1332.27	751.934	895.748	820.897	986.322	1123.54



>>>>> Goodbye. <<<<<


22398	768.256	1051.59	1390.33	743.001	888.726	807.964	989.096	1149.24



>>>>> Goodbye. <<<<<


22402	800.909	967.994	1339.3	783.614	908.615	817.534	989.712	1141.11



>>>>> Goodbye. <<<<<


22405	853.132	956.478	1333.95	801.26	926.648	843.701	1004.24	1172.93



>>>>> Goodbye. <<<<<


22407	867.69	1015.59	1294.83	831.013	911.123	850.393	997.154	1149.88



>>>>> Goodbye. <<<<<


22410	802.088	948.813	1312.5	762.839	900.368	814.612	982.963	1118.27



>>>>> Goodbye. <<<<<


22414	801.021	989.983	1351.51	762.638	885.531	821.184	978.873	1092.22



>>>>> Goodbye. <<<<<


22417	801.695	1069.73	1322.58	800.619	934.445	796.601	1005.04	1140.88



>>>>> Goodbye. <<<<<


22419	868.825	1056.19	1389.96	777.183	915.854	824.452	989.493	1127.42



>>>>> Goodbye. <<<<<


22422	869.4	1031.11	1323.26	768.735	885.393	805.564	978.613	1118.9



>>>>> Goodbye. <<<<<


22426	793.686	1027.68	1356.14	784.08	885.448	805.938	985.907	1118.09



>>>>> Goodbye. <<<<<


22429	800.705	1055.68	1294.71	754.141	888.86	801.971	988.962	1113.33



>>>>> Goodbye. <<<<<


22431	802.544	990.069	1294.36	768.792	896.292	801.174	990.029	1117.97



>>>>> Goodbye. <<<<<


22434	801.209	1088.09	1329.08	759.66	884.269	824.185	997.434	1137.25



>>>>> Goodbye. <<<<<


22512	821.339	1016.39	1389.04	768.627	834.468	814.371	904.004	1167.28



>>>>> Goodbye. <<<<<


22515	833.914	1041.29	1407.41	800.873	839.918	801.967	859.212	1140.86



>>>>> Goodbye. <<<<<


22517	805.213	1056.63	1384.22	800.228	828.114	812.327	856.323	1113.97



>>>>> Goodbye. <<<<<


22523	834.145	1056.79	1433.66	804.894	865.958	820.779	859.329	1136.78



>>>>> Goodbye. <<<<<


22526	863.266	1091.89	1418.54	834.408	852.852	834.614	937.426	1118.28



>>>>> Goodbye. <<<<<


22528	934.115	1051.41	1412.94	843.29	869.291	850.191	937.477	1126.65



>>>>> Goodbye. <<<<<


22531	834.602	956.525	1401.79	783.98	843.177	802.129	900.16	1113.92



>>>>> Goodbye. <<<<<


22535	843.839	937.757	1434.52	805.492	830.701	788.093	904.816	1140.46



>>>>> Goodbye. <<<<<


22538	825.07	967.615	1462.69	814.93	869.314	814.707	926.427	1105.94



>>>>> Goodbye. <<<<<


22540	805.476	1015.89	1484.09	801.639	841.021	801.552	911.278	1124.97



>>>>> Goodbye. <<<<<


22543	805.928	1030.43	1405.81	793.4	840.739	802.731	912.281	1136.4



>>>>> Goodbye. <<<<<


22547	853.488	1056.66	1467.77	801.786	830.63	830.756	910.989	1113.41



>>>>> Goodbye. <<<<<


22550	805.522	990.056	1416.77	805.548	847.078	805.305	903.163	1092.2



>>>>> Goodbye. <<<<<


22552	801.578	989.394	1390.25	783.99	849.685	794.465	910.822	1122.7



>>>>> Goodbye. <<<<<


22555	802.661	1038.45	1451.76	802.356	862.258	808.814	915.93	1150.43



>>>>> Goodbye. <<<<<


22559	859.75	1038.75	1496.1	834.157	840.405	820.611	1038.59	1141.02



>>>>> Goodbye. <<<<<


22562	815.106	1064.57	1457.37	831.29	859.834	809.379	1043.05	1153.85



>>>>> Goodbye. <<<<<


22564	878.884	1020	1407.15	762.516	830.934	805.234	1030.62	1118.35



>>>>> Goodbye. <<<<<


22567	868.896	1114.84	1435.1	783.622	859.412	837.52	1016.27	1150.55



>>>>> Goodbye. <<<<<


22571	866.178	1056.39	1435.13	793.433	853.013	833.461	986.46	1083.39



>>>>> Goodbye. <<<<<


22574	853.265	1087.86	1507.87	833.44	878.809	812.314	1019.67	1149.87



>>>>> Goodbye. <<<<<


22576	843.789	1069.62	1495.25	805.292	866.273	840.196	1019.79	1149.81



>>>>> Goodbye. <<<<<


22579	885.537	1052.33	1389.25	784.618	850.36	840.047	996.421	1131.86



>>>>> Goodbye. <<<<<


22584	859.537	1064.07	1362.7	794.034	869.023	802.679	978.486	1118.08



>>>>> Goodbye. <<<<<


22587	831.46	1019.28	1406.82	762.637	853.143	821.362	985.778	1118.1



>>>>> Goodbye. <<<<<


22589	808.499	1041.39	1435.39	801.03	849.844	808.493	960.331	1105.24



>>>>> Goodbye. <<<<<


22592	805.83	1087.85	1435.43	801.709	831.189	821.313	1007.9	1123.75



>>>>> Goodbye. <<<<<


22596	808.313	1020.33	1434.27	774.458	850.176	804.777	986.62	1105.76



>>>>> Goodbye. <<<<<


22599	860.149	989.962	1433.91	800.8	833.591	817.469	985.819	1114.66



>>>>> Goodbye. <<<<<


22601	831.177	1092.32	1373.1	793.21	830.87	800.904	989.759	1119.12



>>>>> Goodbye. <<<<<


22604	808.334	1019.92	1384.17	776.765	830.87	814.337	989.13	1113.51



>>>>> Goodbye. <<<<<


22608	834.599	990.121	1389.61	783.859	850.242	824.592	990.435	1113.91



>>>>> Goodbye. <<<<<


22611	878.82	1078.3	1367.69	771.095	840.983	840.545	997.443	1123.36



>>>>> Goodbye. <<<<<


22613	801.093	1087.81	1422.1	802.243	861.895	812.204	990.052	1131.87



>>>>> Goodbye. <<<<<


22616	815.377	986.251	1407.24	784.105	831.271	821.743	997.043	1137.17



>>>>> Goodbye. <<<<<


22620	843.443	1090.79	1495.14	801.348	824.554	802.293	1006.42	1113.61



>>>>> Goodbye. <<<<<


22623	834.142	990.065	1384.95	802.22	844.181	808.309	983.025	1136.81



>>>>> Goodbye. <<<<<


22625	834.412	989.738	1450.13	800.1	843.508	814.8	977.436	1100.28



>>>>> Goodbye. <<<<<


22628	805.484	1051.2	1451.85	805.666	856.823	811.793	977.656	1141.56



>>>>> Goodbye. <<<<<


22632	830.876	1042.4	1406.12	793.229	833.907	802.343	974.041	1131.67



>>>>> Goodbye. <<<<<


22635	824.406	1031.37	1434.75	784.197	856.378	812.197	989.214	1118.15



>>>>> Goodbye. <<<<<


22637	850.561	1065.69	1478.56	802.156	824.663	804.913	982.814	1105.96



>>>>> Goodbye. <<<<<


22640	825.024	1087.86	1401.07	768.39	843.739	815.343	960.493	1117.99



>>>>> Goodbye. <<<<<


22644	801.539	1051.02	1463.45	808.178	872.817	805.205	990.392	1118.58



>>>>> Goodbye. <<<<<


22647	808.422	1015.12	1434.61	754.37	828.274	824.273	979.131	1118.91



>>>>> Goodbye. <<<<<


22649	830.952	979.004	1344.77	783.617	834.136	814.957	963.611	1114.16



>>>>> Goodbye. <<<<<


22652	790.964	1020.07	1385.12	805.532	840.921	812.106	997.532	1126.8



>>>>> Goodbye. <<<<<


22656	805.209	1038.64	1383.55	805.53	843.927	799.987	997.861	1096.72



>>>>> Goodbye. <<<<<


22675	802.077	1027.53	1356.08	762.681	843.9	805.691	978.65	1113.92



>>>>> Goodbye. <<<<<


22677	831.454	997.307	1405.58	793.264	833.469	800.617	997.369	1150.62



>>>>> Goodbye. <<<<<


22680	850.548	1055.68	1434.33	804.9	853.071	824.642	1005.06	1131.45



>>>>> Goodbye. <<<<<


22684	876.155	1064.5	1406.82	783.954	834.154	824.329	1000.13	1131.31



>>>>> Goodbye. <<<<<


22687	834.329	1038.94	1339.6	786.814	852.56	824.8	989.277	1105.57



>>>>> Goodbye. <<<<<


22689	831.007	1027.11	1373	777.333	850.486	824.652	996.754	1118.42



>>>>> Goodbye. <<<<<


22692	793.839	1055.79	1423.02	815.378	865.885	811.734	996.762	1118.53



>>>>> Goodbye. <<<<<


22696	808.568	1068.58	1390.19	800.506	837.612	843.049	978.531	1096.78



>>>>> Goodbye. <<<<<


22699	878.636	1092.45	1468.88	814.672	877.863	801.374	978.854	1118.99



>>>>> Goodbye. <<<<<


22701	859.625	1101.29	1440.65	784.248	868.596	814.569	1000.56	1148.46



>>>>> Goodbye. <<<<<


22704	808.195	990.491	1390.68	784.045	859.818	824.023	993.034	1127.21



>>>>> Goodbye. <<<<<


22709	915.979	1008.4	1449.22	777.664	840.93	824.696	993.783	1140.15



>>>>> Goodbye. <<<<<


22712	834.491	1077.5	1445.2	800.016	839.797	805.908	982.654	1100.43



>>>>> Goodbye. <<<<<


22714	824.719	1020.1	1356.88	861.916	828.081	826.12	985.174	1126.44



>>>>> Goodbye. <<<<<


22717	843.81	936.69	1417.64	805.127	840.082	814.268	997.951	1118.08



>>>>> Goodbye. <<<<<


22721	802.356	955.583	1461.24	801.638	843.383	800.754	966.578	1104.81



>>>>> Goodbye. <<<<<


22724	821.174	1114.92	1422.41	801.982	834.337	820.969	1005.18	1180.3



>>>>> Goodbye. <<<<<


22726	840.836	1016.09	1513.51	805.392	858.873	850.148	1005.11	1123.52



>>>>> Goodbye. <<<<<


22729	878.617	1042.55	1378.9	802.315	831.432	808.205	960.629	1119.21



>>>>> Goodbye. <<<<<


22795	805.807	1056.31	1451.44	805.898	862.063	823.961	997.682	1131.88



>>>>> Goodbye. <<<<<


22798	904.501	1030.62	1373.42	821.873	865.852	805.552	1008.13	1173



>>>>> Goodbye. <<<<<


22800	915.611	1078.89	1422.86	852.548	885.424	801.737	1027.09	1159.09



>>>>> Goodbye. <<<<<


22803	815.147	1065.6	1407.02	817.709	860.157	805.613	1015.13	1126.77



>>>>> Goodbye. <<<<<


22807	895.704	1069.22	1452.07	805.01	868.863	843.13	997.892	1104.75



>>>>> Goodbye. <<<<<


22810	844.048	1040.78	1368.09	784.457	840.405	808.52	989.938	1095.9



>>>>> Goodbye. <<<<<


22812	850.565	1027.49	1357.24	802.091	850.349	815.007	985.677	1087.15



>>>>> Goodbye. <<<<<


22815	967.901	1055.23	1399.98	800.975	900.754	835.588	1030.45	1135.9



>>>>> Goodbye. <<<<<


22822	926.531	1117.82	1351.31	802.408	879.295	852.889	1000.57	1095.89



>>>>> Goodbye. <<<<<


22823	762.963	884.592	1295.24	787.459	904.53	787.624	1000.06	1090.62



>>>>> Goodbye. <<<<<


22826	834.048	978.436	1334.76	784.323	833.806	814.73	975.03	1081.98



>>>>> Goodbye. <<<<<


22830	834.551	1019.16	1400.15	805.679	859.301	825.035	994.101	1091.11



>>>>> Goodbye. <<<<<


22833	840.675	1105.1	1351.26	815.402	862.086	831.175	1008.14	1105.15



>>>>> Goodbye. <<<<<


22837	830.779	986.518	1368.12	805.248	833.338	808.265	1003.93	1105.42



>>>>> Goodbye. <<<<<


22840	878.63	1051.82	1423.08	802.027	869.144	814.532	1012.73	1096.61



>>>>> Goodbye. <<<<<


22844	879.054	1031.4	1344.68	802.177	844.198	800.956	1004.02	1090.29



>>>>> Goodbye. <<<<<


22847	805.796	1041.83	1344.65	783.932	843.812	825.091	994.083	1105.02



>>>>> Goodbye. <<<<<


22851	824.876	1069.27	1367.03	801.908	824.231	824.644	975.533	1069.44



>>>>> Goodbye. <<<<<


22854	853.071	1055.46	1372.34	834.514	866.232	831.083	1007.98	1114.05



>>>>> Goodbye. <<<<<


22856	869.509	1000.71	1355.57	824.897	869.772	830.448	1007.95	1122.82



>>>>> Goodbye. <<<<<


22859	808.442	1041.91	1372.57	812.301	824.007	817.295	1000.03	1092.05



>>>>> Goodbye. <<<<<


22863	948.635	1056.47	1512.8	904.52	859.823	914.884	1047.67	1126.07



>>>>> Goodbye. <<<<<


22866	834.118	1055.47	1373.98	793.705	849.433	814.917	997.575	1113.67



>>>>> Goodbye. <<<<<


22868	805.441	990.32	1367.84	784.384	850.381	814.703	1003.81	1105.73



>>>>> Goodbye. <<<<<


22871	834.519	1078.23	1445.75	800.077	865.725	821.209	1015.63	1144.38



>>>>> Goodbye. <<<<<


22876	834.02	1000.46	1451.19	831.058	878.062	824.634	1012.48	1127.49



>>>>> Goodbye. <<<<<


22879	896.418	1087.77	1356.8	790.99	862.314	814.823	990.357	1117.97



>>>>> Goodbye. <<<<<


22881	843.534	1056.73	1390.04	783.732	850.459	821.437	1004.09	1104.11



>>>>> Goodbye. <<<<<


22884	926.326	1065.32	1406.63	824.564	859.249	840.18	1023.25	1132.19



>>>>> Goodbye. <<<<<


22888	831.31	1030.72	1390.14	817.591	850.332	815.047	1004.34	1118.85



>>>>> Goodbye. <<<<<


22891	915.264	1031.29	1401.83	805.333	849.51	843.539	1008.25	1101.16



>>>>> Goodbye. <<<<<


22893	937.9	1166.9	1417.7	840.083	846.8	852.803	1023.12	1119.09



>>>>> Goodbye. <<<<<


22896	926.141	977.821	1390	801.205	859.478	808.527	997.504	1108.79



>>>>> Goodbye. <<<<<


22900	912.173	1077.51	1356.05	805.48	888.263	846.886	997.244	1105.43



>>>>> Goodbye. <<<<<


22903	833.918	1056.19	1344.67	784.021	833.557	821.695	993.66	1113.99



>>>>> Goodbye. <<<<<


22905	844.172	1042.49	1356.61	768.923	866.077	837.737	996.72	1118.05



>>>>> Goodbye. <<<<<


22908	912.27	1069.37	1372.87	769.376	843.352	839.74	1005.17	1105.72



>>>>> Goodbye. <<<<<


22912	915.103	979.186	1368.24	754.639	847.375	821.57	1007.48	1105.37



>>>>> Goodbye. <<<<<


22915	915.047	1056.17	1384.2	754.523	888.15	853.247	1016.17	1114.05



>>>>> Goodbye. <<<<<


22917	888.9	1114.63	1371.74	808.621	866.163	821.579	1008.84	1101.2



>>>>> Goodbye. <<<<<


22920	895.918	1042.22	1385.25	800.71	843.688	815.486	1008.44	1087.53



>>>>> Goodbye. <<<<<


22995	997.569	1119.29	1563.5	853.263	915.152	879.021	994.162	1104.51



>>>>> Goodbye. <<<<<


22998	875.982	1077.81	1516.24	821.713	875.502	843.614	954.976	1150.29



>>>>> Goodbye. <<<<<


23000	859.3	1064.25	1422.31	802.374	850.407	821.371	974.857	1095.48



>>>>> Goodbye. <<<<<


23003	896.146	1030.81	1552.01	903.081	922.686	831.036	985.794	1105.85



>>>>> Goodbye. <<<<<


23007	948.676	1092.37	1400.96	843.722	914.418	815.079	1004.39	1091.07



>>>>> Goodbye. <<<<<


23010	879.315	1186.16	1574.27	824.6	922.535	821.743	953.101	1131.16



>>>>> Goodbye. <<<<<


23012	989.001	1043.24	1478.19	852.904	879.006	844.237	990.527	1147.92



>>>>> Goodbye. <<<<<


23015	955.282	978.252	1433.41	821.098	891.987	804.665	955.575	1123.09



>>>>> Goodbye. <<<<<


23019	802.486	1105.73	1406.84	815.178	853.239	840.645	926.142	1068.72



>>>>> Goodbye. <<<<<


23024	888.376	1190.36	1485.23	840.301	840.738	840.852	967.01	1114.42



>>>>> Goodbye. <<<<<


23026	860.099	1230.95	1407.59	850.198	901.144	859.115	979.313	1131.91



>>>>> Goodbye. <<<<<


23029	824.58	1091.86	1389.49	754.497	865.721	812.01	947.99	1077.16



>>>>> Goodbye. <<<<<


23033	875.75	1118.57	1379.08	815.319	843.814	840.473	966.292	1104.91



>>>>> Goodbye. <<<<<


23036	834.163	1082.13	1373.96	805.604	837.285	801.925	963.113	1078.38



>>>>> Goodbye. <<<<<


23038	800.698	979.327	1357.02	805.316	840.867	814.43	955.916	1086.95



>>>>> Goodbye. <<<<<


23041	840.483	1105.43	1389.37	802.626	868.836	821.229	937.393	1096.59



>>>>> Goodbye. <<<<<


23060	875.681	1038.24	1434.69	814.334	850.381	814.43	971.705	1091.72



>>>>> Goodbye. <<<<<


23063	805.783	1041.99	1433.89	784.576	888.194	811.98	960.279	1055.81



>>>>> Goodbye. <<<<<


23065	787.209	948.775	1323.05	800.107	856.614	808.215	960.009	1074.11



>>>>> Goodbye. <<<<<


23068	869.513	1031.25	1383.15	801.489	885.033	815.014	989.061	1087.97



>>>>> Goodbye. <<<<<


23072	834.069	1104.94	1374.04	774.376	848.838	805.488	989.893	1050.36



>>>>> Goodbye. <<<<<


23073	834.053	1092.06	1340.24	783.719	847.407	800.134	948.304	1077.79



>>>>> Goodbye. <<<<<


23076	915.651	1051.11	1406.45	791.021	872.926	831.477	990.113	1100.43



>>>>> Goodbye. <<<<<


23078	979.31	1113.36	1450.78	839.787	875.699	849.713	986.413	1107.27



>>>>> Goodbye. <<<<<


23086	945.828	1190.64	1328.19	787.383	840.138	821.088	956.187	1064.08



>>>>> Goodbye. <<<<<


23090	868.99	1216.1	1407.41	793.619	853.347	831.445	979.051	1074.05



>>>>> Goodbye. <<<<<


23093	850.386	1127.99	1367.68	774.187	849.714	805.083	962.66	1086.15



>>>>> Goodbye. <<<<<


23095	859.992	1105.61	1323.17	808.524	849.919	815.333	956.947	1091.05



>>>>> Goodbye. <<<<<


23098	884.498	1154.93	1433.75	808.426	868.703	847.369	960.59	1096.98



>>>>> Goodbye. <<<<<


23102	904.699	1180.68	1351.28	762.622	824.817	821.081	952.824	1064.17



>>>>> Goodbye. <<<<<


23105	869.041	1168	1405.84	801.665	869.771	849.463	974.077	1069.72



>>>>> Goodbye. <<<<<


23107	926.852	1259.88	1412.66	808.096	840.4	837.552	966.768	1067.03



>>>>> Goodbye. <<<<<


23110	814.804	1129.96	1339.77	802.506	853.258	830.111	966.782	1086.81



>>>>> Goodbye. <<<<<


23114	879.018	1087.65	1434.89	821.085	850.316	840.783	977.868	1078.96



>>>>> Goodbye. <<<<<


23117	866.197	1019.61	1367.46	805.9	861.959	824.093	960.146	1061.07



>>>>> Goodbye. <<<<<


23119	808.127	1019.98	1400.98	831.245	859.293	805.266	951.869	1069.35



>>>>> Goodbye. <<<<<


23122	879.079	1087.97	1389.58	821.603	884.926	802.385	967.3	1091.03



>>>>> Goodbye. <<<<<


23126	821.893	1081.94	1417.58	808.431	882.263	802.634	967.033	1068.78



>>>>> Goodbye. <<<<<


23129	997.545	1221.92	1400.7	821.436	882.343	808.418	989.769	1081.82



>>>>> Goodbye. <<<<<


23131	825.014	1181.14	1418.59	808.191	865.738	839.745	997.918	1101.02



>>>>> Goodbye. <<<<<


23135	824.26	1114.2	1406.4	802.255	865.961	805.686	952.31	1077.61



>>>>> Goodbye. <<<<<


23139	914.838	1168.09	1406.13	833.842	875.918	831.388	989.731	1104.22



>>>>> Goodbye. <<<<<


23142	853.069	1153.32	1384.15	821.538	834.047	830.18	960.727	1078.26



>>>>> Goodbye. <<<<<


23144	859.266	1194.33	1383.83	805.384	865.767	815.52	945.619	1074.1



>>>>> Goodbye. <<<<<


23147	888.661	1128.32	1468.73	859.883	852.56	802.602	1004.61	1082.68



>>>>> Goodbye. <<<<<


23151	862.392	1155.06	1351.64	808.728	843.681	823.943	973.888	1081.37



>>>>> Goodbye. <<<<<


23154	878.859	1168.46	1467.95	815.385	876.063	859.044	979.176	1099.49



>>>>> Goodbye. <<<<<


23156	974.61	1193.66	1512.36	878.711	865.278	840.031	974.418	1064.31



>>>>> Goodbye. <<<<<


23159	903.991	1118.36	1384.32	824.566	839.818	817.339	964.345	1087.77



>>>>> Goodbye. <<<<<


23163	879.268	1212.81	1383.67	865.35	866.437	833.306	1000.28	1127.68



>>>>> Goodbye. <<<<<


23166	888.346	1278.85	1372.95	831.424	850.543	804.749	971.208	1077.9



>>>>> Goodbye. <<<<<


23168	878.395	1190.69	1462.61	805.23	859.872	831.362	947.542	1074.28



>>>>> Goodbye. <<<<<


23171	915.101	1321.33	1344.54	885.301	900.847	814.977	990.043	1128.27



>>>>> Goodbye. <<<<<
