22767	0	405	-10.179764253615808	5.6640558246309318	15.541857415647385	0.32776589931432876	0.0037138480213593488	0.0026791707304237738	0	2.4209216646221081e-322	15.010553527688316	14	
22767	1	405	17.558239074014249	7.5407609872309509	14.227417274137409	0.49940731747049921	0.012358184365436543	0.0061104422244535979	0	2.4209216646221081e-322	10.339394075195147	14	
22767	2	405	14.605123024406542	4.830996442630302	9.5477645285073933	0.19152990585001969	0.001825626916407959	0.0012992557965079586	0	2.4209216646221081e-322	21.411947073819942	19	
22767	3	405	0.70609001143076278	0.31583886673567085	9.2919301321342331	3.2022344443051463	1.4903599602490163	1.2065449224280489	0	7.1639518646980749e-322	0.80316382858866986	3	
22767	4	405	41.243914715618281	5.9554481219251638	9.6059126379943063	0.24913168183213949	0.010868454415028686	0.0017127381261873233	0	2.4209216646221081e-322	37.018654838121499	11	
22767	5	405	21.344076271612611	3.432972927835769	7.8647138479733325	0.14910971793297223	0.0068852383312754638	0.00087802774097717987	0	2.4209216646221081e-322	17.403026985655949	12	
22767	6	405	18.647442667526345	6.2994385996620714	9.5060856048536255	0.20295335221116118	-0.0050948074427091712	0.0010471822084339309	0	1.6304166312761136e-322	13.198759125440169	9	
22767	7	405	15.848321439982762	10.031255437662988	20.028481645081932	0.55196768502165183	-0.027778497567018522	0.0050407750318713484	0	2.4209216646221081e-322	39.173099322279946	9	
22767	0	405	-10.179764253615808	5.6640558246309318	15.541857415647385	0.32776589931432876	0.0037138480213593488	0.0026791707304237738	0	2.4209216646221081e-322	15.010553527688316	14	
22767	1	405	17.558239074014249	7.5407609872309509	14.227417274137409	0.49940731747049921	0.012358184365436543	0.0061104422244535979	0	2.4209216646221081e-322	10.339394075195147	14	
22767	2	405	14.605123024406542	4.830996442630302	9.5477645285073933	0.19152990585001969	0.001825626916407959	0.0012992557965079586	0	2.4209216646221081e-322	21.411947073819942	19	
22767	3	405	0.70609001143076278	0.31583886673567085	9.2919301321342331	3.2022344443051463	1.4903599602490163	1.2065449224280489	0	7.1639518646980749e-322	0.80316382858866986	3	
22767	4	405	41.243914715618281	5.9554481219251638	9.6059126379943063	0.24913168183213949	0.010868454415028686	0.0017127381261873233	0	2.4209216646221081e-322	37.018654838121499	11	
22767	5	405	21.344076271612611	3.432972927835769	7.8647138479733325	0.14910971793297223	0.0068852383312754638	0.00087802774097717987	0	2.4209216646221081e-322	17.403026985655949	12	
22767	6	405	18.647442667526345	6.2994385996620714	9.5060856048536255	0.20295335221116118	-0.0050948074427091712	0.0010471822084339309	0	1.6304166312761136e-322	13.198759125440169	9	
22767	7	405	15.848321439982762	10.031255437662988	20.028481645081932	0.55196768502165183	-0.027778497567018522	0.0050407750318713484	0	2.4209216646221081e-322	39.173099322279946	9	
22767	0	405	-10.179764253615808	5.6640558246309318	15.541857415647385	0.32776589931432876	0.0037138480213593488	0.0026791707304237738	0	2.4209216646221081e-322	15.010553527688316	14	
22767	1	405	17.558239074014249	7.5407609872309509	14.227417274137409	0.49940731747049921	0.012358184365436543	0.0061104422244535979	0	2.4209216646221081e-322	10.339394075195147	14	
22767	2	405	14.605123024406542	4.830996442630302	9.5477645285073933	0.19152990585001969	0.001825626916407959	0.0012992557965079586	0	2.4209216646221081e-322	21.411947073819942	19	
22767	3	405	0.70609001143076278	0.31583886673567085	9.2919301321342331	3.2022344443051463	1.4903599602490163	1.2065449224280489	0	7.1639518646980749e-322	0.80316382858866986	3	
22767	4	405	41.243914715618281	5.9554481219251638	9.6059126379943063	0.24913168183213949	0.010868454415028686	0.0017127381261873233	0	2.4209216646221081e-322	37.018654838121499	11	
22767	5	405	21.344076271612611	3.432972927835769	7.8647138479733325	0.14910971793297223	0.0068852383312754638	0.00087802774097717987	0	2.4209216646221081e-322	17.403026985655949	12	
22767	6	405	18.647442667526345	6.2994385996620714	9.5060856048536255	0.20295335221116118	-0.0050948074427091712	0.0010471822084339309	0	1.6304166312761136e-322	13.198759125440169	9	
22767	7	405	15.848321439982762	10.031255437662988	20.028481645081932	0.55196768502165183	-0.027778497567018522	0.0050407750318713484	0	2.4209216646221081e-322	39.173099322279946	9	
22767	0	405	-10.179764253615808	5.6640558246309318	15.541857415647385	0.32776589931432876	0.0037138480213593488	0.0026791707304237738	0	2.4209216646221081e-322	15.010553527688316	14	
22767	1	405	17.558239074014249	7.5407609872309509	14.227417274137409	0.49940731747049921	0.012358184365436543	0.0061104422244535979	0	2.4209216646221081e-322	10.339394075195147	14	
22767	2	405	14.605123024406542	4.830996442630302	9.5477645285073933	0.19152990585001969	0.001825626916407959	0.0012992557965079586	0	2.4209216646221081e-322	21.411947073819942	19	
22767	3	405	0.70609001143076278	0.31583886673567085	9.2919301321342331	3.2022344443051463	1.4903599602490163	1.2065449224280489	0	7.1639518646980749e-322	0.80316382858866986	3	
22767	4	405	41.243914715618281	5.9554481219251638	9.6059126379943063	0.24913168183213949	0.010868454415028686	0.0017127381261873233	0	2.4209216646221081e-322	37.018654838121499	11	
22767	5	405	21.344076271612611	3.432972927835769	7.8647138479733325	0.14910971793297223	0.0068852383312754638	0.00087802774097717987	0	2.4209216646221081e-322	17.403026985655949	12	
22767	6	405	18.647442667526345	6.2994385996620714	9.5060856048536255	0.20295335221116118	-0.0050948074427091712	0.0010471822084339309	0	1.6304166312761136e-322	13.198759125440169	9	
22767	7	405	15.848321439982762	10.031255437662988	20.028481645081932	0.55196768502165183	-0.027778497567018522	0.0050407750318713484	0	2.4209216646221081e-322	39.173099322279946	9	
22767	0	405	-10.179764253615808	5.6640558246309318	15.541857415647385	0.32776589931432876	0.0037138480213593488	0.0026791707304237738	0	2.4209216646221081e-322	15.010553527688316	14	
22767	1	405	17.558239074014249	7.5407609872309509	14.227417274137409	0.49940731747049921	0.012358184365436543	0.0061104422244535979	0	2.4209216646221081e-322	10.339394075195147	14	
22767	2	405	14.605123024406542	4.830996442630302	9.5477645285073933	0.19152990585001969	0.001825626916407959	0.0012992557965079586	0	2.4209216646221081e-322	21.411947073819942	19	
22767	3	405	0.70609001143076278	0.31583886673567085	9.2919301321342331	3.2022344443051463	1.4903599602490163	1.2065449224280489	0	7.1639518646980749e-322	0.80316382858866986	3	
22767	4	405	41.243914715618281	5.9554481219251638	9.6059126379943063	0.24913168183213949	0.010868454415028686	0.0017127381261873233	0	2.4209216646221081e-322	37.018654838121499	11	
22767	5	405	21.344076271612611	3.432972927835769	7.8647138479733325	0.14910971793297223	0.0068852383312754638	0.00087802774097717987	0	2.4209216646221081e-322	17.403026985655949	12	
22767	6	405	18.647442667526345	6.2994385996620714	9.5060856048536255	0.20295335221116118	-0.0050948074427091712	0.0010471822084339309	0	1.6304166312761136e-322	13.198759125440169	9	
22767	7	405	15.848321439982762	10.031255437662988	20.028481645081932	0.55196768502165183	-0.027778497567018522	0.0050407750318713484	0	2.4209216646221081e-322	39.173099322279946	9	
22767	0	405	-10.179764253615808	5.6640558246309318	15.541857415647385	0.32776589931432876	0.0037138480213593488	0.0026791707304237738	0	2.4209216646221081e-322	15.010553527688316	14	
22767	1	405	17.558239074014249	7.5407609872309509	14.227417274137409	0.49940731747049921	0.012358184365436543	0.0061104422244535979	0	2.4209216646221081e-322	10.339394075195147	14	
22767	2	405	14.605123024406542	4.830996442630302	9.5477645285073933	0.19152990585001969	0.001825626916407959	0.0012992557965079586	0	2.4209216646221081e-322	21.411947073819942	19	
22767	3	405	0.70609001143076278	0.31583886673567085	9.2919301321342331	3.2022344443051463	1.4903599602490163	1.2065449224280489	0	7.1639518646980749e-322	0.80316382858866986	3	
22767	4	405	41.243914715618281	5.9554481219251638	9.6059126379943063	0.24913168183213949	0.010868454415028686	0.0017127381261873233	0	2.4209216646221081e-322	37.018654838121499	11	
22767	5	405	21.344076271612611	3.432972927835769	7.8647138479733325	0.14910971793297223	0.0068852383312754638	0.00087802774097717987	0	2.4209216646221081e-322	17.403026985655949	12	
22767	6	405	18.647442667526345	6.2994385996620714	9.5060856048536255	0.20295335221116118	-0.0050948074427091712	0.0010471822084339309	0	1.6304166312761136e-322	13.198759125440169	9	
22767	7	405	15.848321439982762	10.031255437662988	20.028481645081932	0.55196768502165183	-0.027778497567018522	0.0050407750318713484	0	2.4209216646221081e-322	39.173099322279946	9	
22767	0	405	-10.179764253615808	5.6640558246309318	15.541857415647385	0.32776589931432876	0.0037138480213593488	0.0026791707304237738	0	2.4209216646221081e-322	15.010553527688316	14	
22767	1	405	17.558239074014249	7.5407609872309509	14.227417274137409	0.49940731747049921	0.012358184365436543	0.0061104422244535979	0	2.4209216646221081e-322	10.339394075195147	14	
22767	2	405	14.605123024406542	4.830996442630302	9.5477645285073933	0.19152990585001969	0.001825626916407959	0.0012992557965079586	0	2.4209216646221081e-322	21.411947073819942	19	
22767	3	405	0.70609001143076278	0.31583886673567085	9.2919301321342331	3.2022344443051463	1.4903599602490163	1.2065449224280489	0	7.1639518646980749e-322	0.80316382858866986	3	
22767	4	405	41.243914715618281	5.9554481219251638	9.6059126379943063	0.24913168183213949	0.010868454415028686	0.0017127381261873233	0	2.4209216646221081e-322	37.018654838121499	11	
22767	5	405	21.344076271612611	3.432972927835769	7.8647138479733325	0.14910971793297223	0.0068852383312754638	0.00087802774097717987	0	2.4209216646221081e-322	17.403026985655949	12	
22767	6	405	18.647442667526345	6.2994385996620714	9.5060856048536255	0.20295335221116118	-0.0050948074427091712	0.0010471822084339309	0	2.4209216646221081e-322	13.198759125440169	9	
22767	7	405	15.848321439982762	10.031255437662988	20.028481645081932	0.55196768502165183	-0.027778497567018522	0.0050407750318713484	0	2.4209216646221081e-322	39.173099322279946	9	
22767	0	405	-10.179764253615808	5.6640558246309318	15.541857415647385	0.32776589931432876	0.0037138480213593488	0.0026791707304237738	0	2.4209216646221081e-322	15.010553527688316	14	
22767	1	405	17.558239074014249	7.5407609872309509	14.227417274137409	0.49940731747049921	0.012358184365436543	0.0061104422244535979	0	2.4209216646221081e-322	10.339394075195147	14	
22767	2	405	14.605123024406542	4.830996442630302	9.5477645285073933	0.19152990585001969	0.001825626916407959	0.0012992557965079586	0	2.4209216646221081e-322	21.411947073819942	19	
22767	3	405	0.70609001143076278	0.31583886673567085	9.2919301321342331	3.2022344443051463	1.4903599602490163	1.2065449224280489	0	7.1639518646980749e-322	0.80316382858866986	3	
22767	4	405	41.243914715618281	5.9554481219251638	9.6059126379943063	0.24913168183213949	0.010868454415028686	0.0017127381261873233	0	2.4209216646221081e-322	37.018654838121499	11	
22767	5	405	21.344076271612611	3.432972927835769	7.8647138479733325	0.14910971793297223	0.0068852383312754638	0.00087802774097717987	0	2.4209216646221081e-322	17.403026985655949	12	
22767	6	405	18.647442667526345	6.2994385996620714	9.5060856048536255	0.20295335221116118	-0.0050948074427091712	0.0010471822084339309	0	2.4209216646221081e-322	13.198759125440169	9	
22767	7	405	15.848321439982762	10.031255437662988	20.028481645081932	0.55196768502165183	-0.027778497567018522	0.0050407750318713484	0	2.4209216646221081e-322	39.173099322279946	9	
22767	0	405	-nan	0	
22767	1	405	-nan	0	
22767	2	405	-nan	0	
22767	3	405	-nan	0	
22767	4	405	-nan	0	
22767	5	405	-nan	0	
22767	6	405	-nan	0	
22767	7	405	-nan	0	
