22767	0	p0	-12.618745493171124	1.7211212446675266	-0.42796581983566284	92.125015258789062	-1.3748931884765625	718.09130859375	
22767	0	p1	0.6830213949976609	0.0058127608574973597	-0.42796581983566284	92.125015258789062	-1.3748931884765625	718.09130859375	
22767	0	p2	4.6230344904889455e-05	3.6847797787247527e-06	-0.42796581983566284	92.125015258789062	-1.3748931884765625	718.09130859375	
22767	0	nlambda	5.3753496263383775	0.024915803159014514	-0.42796581983566284	92.125015258789062	-1.3748931884765625	718.09130859375	
22767	1	p0	-29.086897768022482	2.379190471933895	-0.42796581983566284	121.70043182373047	-1.3748931884765625	718.09130859375	
22767	1	p1	1.7862842716714404	0.015890885321826486	-0.42796581983566284	121.70043182373047	-1.3748931884765625	718.09130859375	
22767	1	p2	0.00013139505513636384	2.0278746648163234e-05	-0.42796581983566284	121.70043182373047	-1.3748931884765625	718.09130859375	
22767	1	nlambda	6.2283853749861215	0.037999034522287832	-0.42796581983566284	121.70043182373047	-1.3748931884765625	718.09130859375	
22767	2	p0	-18.604100423361999	2.0499145380841726	-0.98103845119476318	169.33644104003906	-1.3748931884765625	718.09130859375	
22767	2	p1	1.8537426230956939	0.012176289000100224	-0.98103845119476318	169.33644104003906	-1.3748931884765625	718.09130859375	
22767	2	p2	0.00017221791858431734	1.3895336974133032e-05	-0.98103845119476318	169.33644104003906	-1.3748931884765625	718.09130859375	
22767	2	nlambda	5.8790471648791742	0.030668766219322366	-0.98103845119476318	169.33644104003906	-1.3748931884765625	718.09130859375	
22767	3	p0	3.2101304914030653	1.5676707295312449	-0.98103845119476318	211.43057250976562	-1.3748931884765625	718.09130859375	
22767	3	p1	1.6153773777911784	0.008427359668313825	-0.98103845119476318	211.43057250976562	-1.3748931884765625	718.09130859375	
22767	3	p2	8.058423450645386e-05	7.3758687630073212e-06	-0.98103845119476318	211.43057250976562	-1.3748931884765625	718.09130859375	
22767	3	nlambda	5.3945344834360274	0.028697905241414537	-0.98103845119476318	211.43057250976562	-1.3748931884765625	718.09130859375	
22767	4	p0	-5.7333101697664679	1.6797638529280283	-0.42796581983566284	68.758354187011719	-1.3748931884765625	376.947265625	
22767	4	p1	0.53587107989176519	0.0056519489119001495	-0.42796581983566284	68.758354187011719	-1.3748931884765625	376.947265625	
22767	4	p2	3.6791103665148413e-05	3.4817106460241514e-06	-0.42796581983566284	68.758354187011719	-1.3748931884765625	376.947265625	
22767	4	nlambda	4.1713642385434495	0.018026471748838632	-0.42796581983566284	68.758354187011719	-1.3748931884765625	376.947265625	
22767	5	p0	-14.067484542803712	1.5805738143263939	-0.42796581983566284	75.931838989257812	-1.3748931884765625	344.789794921875	
22767	5	p1	0.48882676505693423	0.004926010396939357	-0.42796581983566284	75.931838989257812	-1.3748931884765625	344.789794921875	
22767	5	p2	4.1479398037176543e-05	2.9582084052587518e-06	-0.42796581983566284	75.931838989257812	-1.3748931884765625	344.789794921875	
22767	5	nlambda	3.8662317729165041	0.014788906575163515	-0.42796581983566284	75.931838989257812	-1.3748931884765625	344.789794921875	
22767	6	p0	-3.0525614769950709	1.5576632121443459	-0.98103845119476318	61.405021667480469	-1.3748931884765625	286.73074340820312	
22767	6	p1	0.46583101024127321	0.0050805760936479885	-0.98103845119476318	61.405021667480469	-1.3748931884765625	286.73074340820312	
22767	6	p2	2.4008280534859944e-05	3.1740715235088859e-06	-0.98103845119476318	61.405021667480469	-1.3748931884765625	286.73074340820312	
22767	6	nlambda	3.9427703526298221	0.017501044891371473	-0.98103845119476318	61.405021667480469	-1.3748931884765625	286.73074340820312	
22767	7	p0	-10.951709373469114	1.9151838645352686	-0.98103845119476318	61.405021667480469	-1.3748931884765625	344.789794921875	
22767	7	p1	0.48820480955802137	0.0059747599830676243	-0.98103845119476318	61.405021667480469	-1.3748931884765625	344.789794921875	
22767	7	p2	1.7346787174904198e-05	3.4578820584721361e-06	-0.98103845119476318	61.405021667480469	-1.3748931884765625	344.789794921875	
22767	7	nlambda	4.5009720871283232	0.023703993146717447	-0.98103845119476318	61.405021667480469	-1.3748931884765625	344.789794921875	
22767	8	PDq1	4	0	-1.3748931884765625	718.09130859375	1.8516852074844935e-37	-0.42796581983566284	
22767	8	PDq2	-0.002568988846430711	2.0618124506764834e-05	-1.3748931884765625	718.09130859375	1.8516852074844935e-37	-0.42796581983566284	
22767	8	PDq0	0	0	-1.3748931884765625	718.09130859375	1.8516852074844935e-37	-0.42796581983566284	
22767	10	Chisq/nvars	1466.6495927559531	33	302	3
22767	0	p0	-12.618745493171124	1.7211212446675266	-0.42796581983566284	92.125015258789062	-1.3748931884765625	718.09130859375	
22767	0	p1	0.6830213949976609	0.0058127608574973597	-0.42796581983566284	92.125015258789062	-1.3748931884765625	718.09130859375	
22767	0	p2	4.6230344904889455e-05	3.6847797787247527e-06	-0.42796581983566284	92.125015258789062	-1.3748931884765625	718.09130859375	
22767	0	nlambda	5.3753496263383775	0.024915803159014514	-0.42796581983566284	92.125015258789062	-1.3748931884765625	718.09130859375	
22767	1	p0	-29.086897768022482	2.379190471933895	-0.42796581983566284	121.70043182373047	-1.3748931884765625	718.09130859375	
22767	1	p1	1.7862842716714404	0.015890885321826486	-0.42796581983566284	121.70043182373047	-1.3748931884765625	718.09130859375	
22767	1	p2	0.00013139505513636384	2.0278746648163234e-05	-0.42796581983566284	121.70043182373047	-1.3748931884765625	718.09130859375	
22767	1	nlambda	6.2283853749861215	0.037999034522287832	-0.42796581983566284	121.70043182373047	-1.3748931884765625	718.09130859375	
22767	2	p0	-18.604100423361999	2.0499145380841726	-0.98103845119476318	169.33644104003906	-1.3748931884765625	718.09130859375	
22767	2	p1	1.8537426230956939	0.012176289000100224	-0.98103845119476318	169.33644104003906	-1.3748931884765625	718.09130859375	
22767	2	p2	0.00017221791858431734	1.3895336974133032e-05	-0.98103845119476318	169.33644104003906	-1.3748931884765625	718.09130859375	
22767	2	nlambda	5.8790471648791742	0.030668766219322366	-0.98103845119476318	169.33644104003906	-1.3748931884765625	718.09130859375	
22767	3	p0	3.2101304914030653	1.5676707295312449	-0.98103845119476318	211.43057250976562	-1.3748931884765625	718.09130859375	
22767	3	p1	1.6153773777911784	0.008427359668313825	-0.98103845119476318	211.43057250976562	-1.3748931884765625	718.09130859375	
22767	3	p2	8.058423450645386e-05	7.3758687630073212e-06	-0.98103845119476318	211.43057250976562	-1.3748931884765625	718.09130859375	
22767	3	nlambda	5.3945344834360274	0.028697905241414537	-0.98103845119476318	211.43057250976562	-1.3748931884765625	718.09130859375	
22767	4	p0	-5.7333101697664679	1.6797638529280283	-0.42796581983566284	68.758354187011719	-1.3748931884765625	376.947265625	
22767	4	p1	0.53587107989176519	0.0056519489119001495	-0.42796581983566284	68.758354187011719	-1.3748931884765625	376.947265625	
22767	4	p2	3.6791103665148413e-05	3.4817106460241514e-06	-0.42796581983566284	68.758354187011719	-1.3748931884765625	376.947265625	
22767	4	nlambda	4.1713642385434495	0.018026471748838632	-0.42796581983566284	68.758354187011719	-1.3748931884765625	376.947265625	
22767	5	p0	-14.067484542803712	1.5805738143263939	-0.42796581983566284	75.931838989257812	-1.3748931884765625	344.789794921875	
22767	5	p1	0.48882676505693423	0.004926010396939357	-0.42796581983566284	75.931838989257812	-1.3748931884765625	344.789794921875	
22767	5	p2	4.1479398037176543e-05	2.9582084052587518e-06	-0.42796581983566284	75.931838989257812	-1.3748931884765625	344.789794921875	
22767	5	nlambda	3.8662317729165041	0.014788906575163515	-0.42796581983566284	75.931838989257812	-1.3748931884765625	344.789794921875	
22767	6	p0	-3.0525614769950709	1.5576632121443459	-0.98103845119476318	61.405021667480469	-1.3748931884765625	286.73074340820312	
22767	6	p1	0.46583101024127321	0.0050805760936479885	-0.98103845119476318	61.405021667480469	-1.3748931884765625	286.73074340820312	
22767	6	p2	2.4008280534859944e-05	3.1740715235088859e-06	-0.98103845119476318	61.405021667480469	-1.3748931884765625	286.73074340820312	
22767	6	nlambda	3.9427703526298221	0.017501044891371473	-0.98103845119476318	61.405021667480469	-1.3748931884765625	286.73074340820312	
22767	7	p0	-10.951709373469114	1.9151838645352686	-0.98103845119476318	61.405021667480469	-1.3748931884765625	344.789794921875	
22767	7	p1	0.48820480955802137	0.0059747599830676243	-0.98103845119476318	61.405021667480469	-1.3748931884765625	344.789794921875	
22767	7	p2	1.7346787174904198e-05	3.4578820584721361e-06	-0.98103845119476318	61.405021667480469	-1.3748931884765625	344.789794921875	
22767	7	nlambda	4.5009720871283232	0.023703993146717447	-0.98103845119476318	61.405021667480469	-1.3748931884765625	344.789794921875	
22767	8	PDq1	4	0	-1.3748931884765625	718.09130859375	4.9053966146031692e-38	-0.42796581983566284	
22767	8	PDq2	-0.002568988846430711	2.0618124506764834e-05	-1.3748931884765625	718.09130859375	4.9053966146031692e-38	-0.42796581983566284	
22767	8	PDq0	0	0	-1.3748931884765625	718.09130859375	4.9053966146031692e-38	-0.42796581983566284	
22767	10	Chisq/nvars	1466.6495927559531	33	302	3
22767	0	p0	-4.9627266718894436	1.764767875237077	-0.42796581983566284	92.125015258789062	-1.3748931884765625	718.09130859375	
22767	0	p1	0.6724546099857136	0.0058936022686653516	-0.42796581983566284	92.125015258789062	-1.3748931884765625	718.09130859375	
22767	0	p2	4.2262451873017631e-05	3.7534043599459598e-06	-0.42796581983566284	92.125015258789062	-1.3748931884765625	718.09130859375	
22767	0	nlambda	5.2698513379376797	0.024809709121615849	-0.42796581983566284	92.125015258789062	-1.3748931884765625	718.09130859375	
22767	1	p0	-19.11832001034594	2.3508176922753088	-0.42796581983566284	121.70043182373047	-1.3748931884765625	718.09130859375	
22767	1	p1	1.7521274696938969	0.01552230008019812	-0.42796581983566284	121.70043182373047	-1.3748931884765625	718.09130859375	
22767	1	p2	0.00011390032294424027	1.9788653999713137e-05	-0.42796581983566284	121.70043182373047	-1.3748931884765625	718.09130859375	
22767	1	nlambda	6.0880796386704699	0.037433221246782819	-0.42796581983566284	121.70043182373047	-1.3748931884765625	718.09130859375	
22767	2	p0	-8.6850454255723726	2.0476864665521597	-0.98103845119476318	169.33644104003906	-1.3748931884765625	718.09130859375	
22767	2	p1	1.8144844172703176	0.011841515814047123	-0.98103845119476318	169.33644104003906	-1.3748931884765625	718.09130859375	
22767	2	p2	0.00015912041306715837	1.3403316856146105e-05	-0.98103845119476318	169.33644104003906	-1.3748931884765625	718.09130859375	
22767	2	nlambda	5.7566158836503956	0.031455291382458513	-0.98103845119476318	169.33644104003906	-1.3748931884765625	718.09130859375	
22767	3	p0	12.30802150085994	1.623062848624435	-0.98103845119476318	211.43057250976562	-1.3748931884765625	718.09130859375	
22767	3	p1	1.5800719990015235	0.0084704562670386112	-0.98103845119476318	211.43057250976562	-1.3748931884765625	718.09130859375	
22767	3	p2	7.3785891467471686e-05	6.7893131741878e-06	-0.98103845119476318	211.43057250976562	-1.3748931884765625	718.09130859375	
22767	3	nlambda	5.2870096522889272	0.027379410630260264	-0.98103845119476318	211.43057250976562	-1.3748931884765625	718.09130859375	
22767	4	p0	3.4008735858476289	1.6840079125749547	-0.42796581983566284	68.758354187011719	-1.3748931884765625	376.947265625	
22767	4	p1	0.51760931149339873	0.0055341822748138144	-0.42796581983566284	68.758354187011719	-1.3748931884765625	376.947265625	
22767	4	p2	4.1460202430426201e-05	3.4136535407329224e-06	-0.42796581983566284	68.758354187011719	-1.3748931884765625	376.947265625	
22767	4	nlambda	4.1091466845185973	0.018253103374562478	-0.42796581983566284	68.758354187011719	-1.3748931884765625	376.947265625	
22767	5	p0	-4.9534584486376634	1.6482166475778663	-0.42796581983566284	75.931838989257812	-1.3748931884765625	344.789794921875	
22767	5	p1	0.47170159387908139	0.0050652835047880285	-0.42796581983566284	75.931838989257812	-1.3748931884765625	344.789794921875	
22767	5	p2	4.5902191976195014e-05	3.0103757012376311e-06	-0.42796581983566284	75.931838989257812	-1.3748931884765625	344.789794921875	
22767	5	nlambda	3.8168701154408584	0.015162023236474829	-0.42796581983566284	75.931838989257812	-1.3748931884765625	344.789794921875	
22767	6	p0	5.9708351720040698	1.613517527721511	-0.98103845119476318	61.405021667480469	-1.3748931884765625	286.73074340820312	
22767	6	p1	0.44790631540296733	0.005178381321613486	-0.98103845119476318	61.405021667480469	-1.3748931884765625	286.73074340820312	
22767	6	p2	2.9637467086024831e-05	3.2087261854894854e-06	-0.98103845119476318	61.405021667480469	-1.3748931884765625	286.73074340820312	
22767	6	nlambda	3.8854511443529955	0.017822332242518238	-0.98103845119476318	61.405021667480469	-1.3748931884765625	286.73074340820312	
22767	7	p0	-1.085286374986403	1.9399471416075587	-0.98103845119476318	61.405021667480469	-1.3748931884765625	344.789794921875	
22767	7	p1	0.47054346833804306	0.0059755026209465396	-0.98103845119476318	61.405021667480469	-1.3748931884765625	344.789794921875	
22767	7	p2	2.1702217087251651e-05	3.4157598837758735e-06	-0.98103845119476318	61.405021667480469	-1.3748931884765625	344.789794921875	
22767	7	nlambda	4.4246841729427473	0.023472658629615534	-0.98103845119476318	61.405021667480469	-1.3748931884765625	344.789794921875	
22767	8	PDq1	4	0	-1.3748931884765625	718.09130859375	3.4514362329502541e-38	-0.42796581983566284	
22767	8	PDq2	-0.0026629751963443051	2.058002713788315e-05	-1.3748931884765625	718.09130859375	3.4514362329502541e-38	-0.42796581983566284	
22767	8	PDq0	0	0	-1.3748931884765625	718.09130859375	3.4514362329502541e-38	-0.42796581983566284	
22767	8	PDq_1	33.43080585322388	3.0025289197834741	-1.3748931884765625	718.09130859375	3.4514362329502541e-38	-0.42796581983566284	
22767	9	PDq_2	7.5567322017481109	0.61853434140234453	-1.3748931884765625	718.09130859375	0	-0.42796581983566284	
22767	10	Chisq/nvars	518.61384738043716	35	302	3
