# MC Backscattering Correction Delta_{2,0}
#
#E_lo	E_hi	correction	uncertainty
0	10	-0.678781	0.22626
10	20	-0.58939	0.196463
20	30	-0.5	0.166667
30	40	-0.41061	0.13687
40	50	-0.321219	0.107073
50	60	-0.231829	0.0772763
60	70	-0.142439	0.0474796
70	80	-0.0530483	0.0176828
80	90	-0.0382316	0.0127439
90	100	-0.0234149	0.00780497
100	110	-0.00859821	0.00286607
110	120	0.00621849	0.00207283
120	130	0.0210352	0.00701173
130	140	0.0213774	0.00712581
140	150	0.0217197	0.0072399
150	160	0.0220619	0.00735398
160	170	0.0224042	0.00746806
170	180	0.0227464	0.00758215
180	190	0.0201163	0.00670543
190	200	0.0174861	0.00582871
200	210	0.014856	0.00495199
210	220	0.0122258	0.00407526
220	230	0.00959563	0.00319854
230	240	0.00940309	0.00313436
240	250	0.00921054	0.00307018
250	260	0.00901799	0.003006
260	270	0.00882545	0.00294182
270	280	0.0086329	0.00287763
280	290	0.00881586	0.00293862
290	300	0.00899882	0.00299961
300	310	0.00918179	0.0030606
310	320	0.00936475	0.00312158
320	330	0.00954771	0.00318257
330	340	0.00999529	0.00333176
340	350	0.0104429	0.00348096
350	360	0.0108905	0.00363015
360	370	0.011338	0.00377935
370	380	0.0117856	0.00392854
380	390	0.0100265	0.00334215
390	400	0.00826728	0.00275576
400	410	0.00650811	0.00216937
410	420	0.00474894	0.00158298
420	430	0.00298977	0.00099659
430	440	0.00313795	0.00104598
440	450	0.00328612	0.00109537
450	460	0.0034343	0.00114477
460	470	0.00358248	0.00119416
470	480	0.00373065	0.00124355
480	490	0.00329261	0.00109754
490	500	0.00285456	0.000951521
500	510	0.00241652	0.000805505
510	520	0.00197847	0.00065949
520	530	0.00154042	0.000513474
530	540	0.00207109	0.000690365
540	550	0.00260177	0.000867256
550	560	0.00313244	0.00104415
560	570	0.00366311	0.00122104
570	580	0.00419378	0.00139793
580	590	0.00594118	0.00198039
590	600	0.00768857	0.00256286
600	610	0.00943596	0.00314532
610	620	0.0111834	0.00372779
620	630	0.0129308	0.00431025
630	640	0.0107625	0.00358752
640	650	0.00859435	0.00286478
650	660	0.00642614	0.00214205
660	670	0.00425794	0.00141931
670	680	0.00208974	0.00069658
680	690	0.00151172	0.000503906
690	700	0.000933695	0.000311232
700	710	0.000355673	0.000118558
710	720	-0.000222349	7.41164e-05
720	730	-0.000800371	0.00026679
730	740	-0.00144879	0.000482929
740	750	-0.0020972	0.000699067
750	760	-0.00274562	0.000915205
760	770	-0.00339403	0.00113134
770	780	-0.00404245	0.00134748
780	790	-0.00140913	0.000469708
790	800	0.0012242	0.000408065
