# MC Backscattering Correction Delta_{2,0} for Analysis Choice E
#
#E_lo	E_hi	correction	uncertainty
0	10	0.808602	0.20215
10	20	0.682054	0.170514
20	30	0.555507	0.138877
30	40	0.42896	0.10724
40	50	0.302412	0.075603
50	60	0.175865	0.0439662
60	70	0.0493173	0.0123293
70	80	-0.0772301	0.0193075
80	90	-0.0542182	0.0135545
90	100	-0.0312063	0.00780157
100	110	-0.0081944	0.0020486
110	120	0.0148175	0.00370438
120	130	0.0378294	0.00945735
130	140	0.0357349	0.00893372
140	150	0.0336403	0.00841008
150	160	0.0315458	0.00788645
160	170	0.0294513	0.00736282
170	180	0.0273567	0.00683919
180	190	0.0258747	0.00646867
190	200	0.0243926	0.00609815
200	210	0.0229105	0.00572762
210	220	0.0214284	0.0053571
220	230	0.0199463	0.00498658
230	240	0.018853	0.00471324
240	250	0.0177596	0.0044399
250	260	0.0166662	0.00416656
260	270	0.0155729	0.00389322
270	280	0.0144795	0.00361988
280	290	0.0142611	0.00356528
290	300	0.0140427	0.00351067
300	310	0.0138243	0.00345607
310	320	0.0136059	0.00340146
320	330	0.0133874	0.00334686
330	340	0.0129028	0.00322569
340	350	0.0124181	0.00310452
350	360	0.0119334	0.00298335
360	370	0.0114487	0.00286218
370	380	0.010964	0.00274101
380	390	0.010153	0.00253825
390	400	0.00934198	0.00233549
400	410	0.00853095	0.00213274
410	420	0.00771992	0.00192998
420	430	0.00690889	0.00172722
430	440	0.00656588	0.00164147
440	450	0.00622287	0.00155572
450	460	0.00587986	0.00146996
460	470	0.00553684	0.00138421
470	480	0.00519383	0.00129846
480	490	0.00543802	0.0013595
490	500	0.00568221	0.00142055
500	510	0.00592639	0.0014816
510	520	0.00617058	0.00154265
520	530	0.00641477	0.00160369
530	540	0.00649536	0.00162384
540	550	0.00657594	0.00164399
550	560	0.00665653	0.00166413
560	570	0.00673711	0.00168428
570	580	0.0068177	0.00170442
580	590	0.0062959	0.00157397
590	600	0.00577409	0.00144352
600	610	0.00525229	0.00131307
610	620	0.00473049	0.00118262
620	630	0.00420868	0.00105217
630	640	0.00379586	0.000948966
640	650	0.00338304	0.00084576
650	660	0.00297022	0.000742555
660	670	0.0025574	0.000639349
670	680	0.00214458	0.000536144
680	690	0.000559068	0.000139767
690	700	-0.00102644	0.00025661
700	710	-0.00261195	0.000652987
710	720	-0.00419745	0.00104936
720	730	-0.00578296	0.00144574
730	740	-0.00422258	0.00105565
740	750	-0.00266221	0.000665551
750	760	-0.00110183	0.000275457
760	770	0.00045855	0.000114638
770	780	0.00201893	0.000504732
780	790	0.0726344	0.0181586
790	800	0.14325	0.0358125
