# MC Backscattering Correction Delta_{2,2} for Analysis Choice C
#
#E_lo	E_hi	correction	uncertainty
0	10	-0.0930109	0.0310036
10	20	-0.0777026	0.0259009
20	30	-0.0623943	0.0207981
30	40	-0.047086	0.0156953
40	50	-0.0317778	0.0105926
50	60	-0.0164695	0.00548983
60	70	-0.00116123	0.000387077
70	80	0.014147	0.00471568
80	90	0.0121922	0.00406408
90	100	0.0102374	0.00341247
100	110	0.00828259	0.00276086
110	120	0.00632777	0.00210926
120	130	0.00437295	0.00145765
130	140	0.0046052	0.00153507
140	150	0.00483744	0.00161248
150	160	0.00506968	0.00168989
160	170	0.00530193	0.00176731
170	180	0.00553417	0.00184472
180	190	0.00518348	0.00172783
190	200	0.00483279	0.00161093
200	210	0.0044821	0.00149403
210	220	0.00413141	0.00137714
220	230	0.00378072	0.00126024
230	240	0.00361605	0.00120535
240	250	0.00345137	0.00115046
250	260	0.0032867	0.00109557
260	270	0.00312202	0.00104067
270	280	0.00295734	0.000985781
280	290	0.00291572	0.000971905
290	300	0.00287409	0.000958029
300	310	0.00283246	0.000944153
310	320	0.00279083	0.000930278
320	330	0.0027492	0.000916402
330	340	0.00284703	0.000949009
340	350	0.00294485	0.000981617
350	360	0.00304267	0.00101422
360	370	0.0031405	0.00104683
370	380	0.00323832	0.00107944
380	390	0.00280626	0.000935419
390	400	0.0023742	0.000791399
400	410	0.00194213	0.000647378
410	420	0.00151007	0.000503357
420	430	0.00107801	0.000359337
430	440	0.0012486	0.000416199
440	450	0.00141919	0.000473062
450	460	0.00158978	0.000529925
460	470	0.00176036	0.000586788
470	480	0.00193095	0.000643651
480	490	0.00175369	0.000584563
490	500	0.00157642	0.000525475
500	510	0.00139916	0.000466386
510	520	0.0012219	0.000407298
520	530	0.00104463	0.00034821
530	540	0.000989819	0.00032994
540	550	0.000935006	0.000311669
550	560	0.000880194	0.000293398
560	570	0.000825381	0.000275127
570	580	0.000770569	0.000256856
580	590	-0.000316763	0.000105588
590	600	-0.00140409	0.000468032
600	610	-0.00249143	0.000830475
610	620	-0.00357876	0.00119292
620	630	-0.00466609	0.00155536
630	640	-0.00300186	0.00100062
640	650	-0.00133762	0.000445875
650	660	0.00032661	0.00010887
660	670	0.00199084	0.000663614
670	680	0.00365508	0.00121836
680	690	0.0030998	0.00103327
690	700	0.00254452	0.000848174
700	710	0.00198925	0.000663082
710	720	0.00143397	0.00047799
720	730	0.000878692	0.000292897
730	740	0.015651	0.00521699
740	750	0.0304232	0.0101411
750	760	0.0451955	0.0150652
760	770	0.0599678	0.0199893
770	780	0.0747401	0.0249134
780	790	0.214709	0.0715697
790	800	0.354678	0.118226
