21086	21274	0	405	p0	68.3602094774	12.0672692607	11.0068889247
21274	21291	0	405	p0	132.638918508	48.095051059	179.347613115
21291	21679	0	405	p0	128.34256398	28.5626607557	27.9521188285
21679	21704	0	405	p0	110.164657542	26.9615438838	21.9055100085
21704	21914	0	405	p0	132.370371429	42.9953146397	34.4005132123
21914	22215	0	405	p0	130.962557379	41.0683415917	59.3390161078
22215	22294	0	405	p0	121.325273969	51.186464943	53.2324390302
22294	22437	0	405	p0	119.539717031	52.1629402259	66.9651116066
22437	22767	0	405	p0	106.53651176	38.8520657868	35.3034159096
21086	21274	1	405	p0	44.5832583927	5.96508444327	8.3659789522
21274	21291	1	405	p0	36.1754233085	8.22009543575	68.158902997
21291	21679	1	405	p0	45.4084988524	8.24875675127	11.0251130388
21679	21704	1	405	p0	33.7122194861	6.81025155975	6.0662196159
21704	21914	1	405	p0	32.4380793607	9.01176952882	10.5343937841
21914	22215	1	405	p0	35.6109822588	8.09896454972	9.99928157541
22215	22294	1	405	p0	32.8744262319	10.1443853139	10.2373020138
22294	22437	1	405	p0	29.5755740566	8.78969234271	8.68813950453
22437	22767	1	405	p0	30.9292677785	9.00876038637	14.1043649535
21086	21274	2	405	p0	27.7783910015	2.91734506856	3.22042878863
21274	21291	2	405	p0	33.7485380555	4.40921876388	60.2859502034
21291	21679	2	405	p0	32.8721938397	4.76519503529	5.98875693665
21679	21704	2	405	p0	25.3399002913	3.78649846873	3.95868553704
21704	21914	2	405	p0	28.989968618	4.97317499442	6.58135820512
21914	22215	2	405	p0	22.8949799603	4.41579113051	6.13936022967
22215	22294	2	405	p0	16.7326757564	5.2609445963	5.723511505
22294	22437	2	405	p0	18.9359701548	4.27426565477	5.27074797842
22437	22767	2	405	p0	19.4188349422	4.49526889729	4.30869774929
21086	21274	3	405	p0	-1.22982666355	2.60593645755	2.59306003299
21274	21291	3	405	p0	17.0860743464	10.8901656267	58.7393555857
21291	21679	3	405	p0	22.1109625899	9.18843180199	10.0841891168
21679	21704	3	405	p0	8.66094884199	7.18744795107	6.48653509608
21704	21914	3	405	p0	6.11750215601	10.4363446054	11.2420636723
21914	22215	3	405	p0	11.3013761242	9.96628661558	14.3527706322
22215	22294	3	405	p0	2.29391861013	12.4248276277	14.6419494857
22294	22437	3	405	p0	2.58069742674	9.76422829982	12.90374778
22437	22767	3	405	p0	2.03165237811	10.1809482239	15.9019192528
21086	21274	4	405	p0	47.856368648	8.63001107596	7.55701129155
21274	21291	4	405	p0	121.95854104	43.0893057093	155.086099095
21291	21679	4	405	p0	112.910112126	23.6139519502	24.2884994804
21679	21704	4	405	p0	89.7820433158	21.4837431646	23.6667332429
21704	21914	4	405	p0	99.8630699023	33.6001250204	55.7546088551
21914	22215	4	405	p0	96.0064020655	30.4864409874	33.2027235668
22215	22294	4	405	p0	103.153465652	40.3367747327	52.7864910141
22294	22437	4	405	p0	97.3562319174	37.4510274167	27.797461738
22437	22767	4	405	p0	91.2894853853	35.4610608151	37.217844083
21086	21274	5	405	p0	61.17300315	12.0443095774	12.1905942317
21274	21291	5	405	p0	128.183308113	41.0843753039	178.430108386
21291	21679	5	405	p0	125.834997178	23.5054531726	25.4593091618
21679	21704	5	405	p0	101.437998501	19.6107161003	20.1939317961
21704	21914	5	405	p0	113.674462362	31.3773936501	48.8147681941
21914	22215	5	405	p0	119.465994634	27.8884352604	28.9461367828
22215	22294	5	405	p0	109.600062183	37.0565358728	41.9928177505
22294	22437	5	405	p0	105.770740058	34.5410231759	25.4526068525
22437	22767	5	405	p0	102.602220144	31.5172805908	32.2637243368
21086	21274	6	405	p0	46.5661547566	6.96173822096	5.82150261264
21274	21291	6	405	p0	104.524078348	31.8748729992	152.155710994
21291	21679	6	405	p0	99.0869358255	19.9431517867	23.6306984478
21679	21704	6	405	p0	81.0133803528	18.8100819	23.1519917907
21704	21914	6	405	p0	88.4643125591	28.7301796358	45.7329192222
21914	22215	6	405	p0	80.7934637113	26.1384271762	35.9768449475
22215	22294	6	405	p0	78.2141053948	34.8603252324	31.0085843529
22294	22437	6	405	p0	41.9374023872	15.3738641781	17.4697478629
22437	22767	6	405	p0	73.4484404424	27.8949855706	40.9828442869
21086	21274	7	405	p0	132.975279287	17.9825946266	20.3611054042
21274	21291	7	405	p0	133.801533994	41.6289644234	197.06426678
21291	21679	7	405	p0	131.366636956	26.7401827444	34.1928760801
21679	21704	7	405	p0	101.146206348	21.9871073856	20.8060671214
21704	21914	7	405	p0	102.103042558	33.1279638717	47.3183931952
21914	22215	7	405	p0	115.675692237	30.2703030815	41.4978003345
22215	22294	7	405	p0	103.700722833	38.5802223859	26.6251542901
22294	22437	7	405	p0	104.161307971	36.7257208168	48.6135436596
22437	22767	7	405	p0	108.730416833	36.5242914444	26.1322976189
21086	21274	0	405	p1	11.1570594407	0.96312337117	0.963142667556
21274	21291	0	405	p1	19.7386811142	4.68434209654	4.89722152364
21291	21679	0	405	p1	13.580384622	2.65048147636	2.60207116289
21679	21704	0	405	p1	13.4696916333	2.47532593602	1.9099508341
21704	21914	0	405	p1	18.9426574855	5.92170338269	4.40505783692
21914	22215	0	405	p1	19.2015062872	5.46967594483	7.18140460098
22215	22294	0	405	p1	19.7921343459	6.97003881651	6.83627782516
22294	22437	0	405	p1	19.0336275896	6.61297047412	9.27306184687
22437	22767	0	405	p1	20.5289134276	4.85233790389	3.8266184423
21086	21274	1	405	p1	6.32499270054	0.38925861858	0.52910886956
21274	21291	1	405	p1	11.5617038597	0.459072974564	0.86947075061
21291	21679	1	405	p1	7.85369612965	0.414057861103	0.785885054227
21679	21704	1	405	p1	7.67593452209	0.314927125394	0.256307280684
21704	21914	1	405	p1	12.7367142119	0.622339297067	0.60425315431
21914	22215	1	405	p1	12.2278613765	0.547465451806	0.624294283315
22215	22294	1	405	p1	12.2945926226	0.682356863208	0.727096344682
22294	22437	1	405	p1	12.3310990915	0.594889408029	0.803343814212
22437	22767	1	405	p1	12.4405323226	0.613965277138	0.849313214046
21086	21274	2	405	p1	6.82404036987	0.0906096040659	0.0886543405937
21274	21291	2	405	p1	12.2835792661	0.145935604104	0.258533223368
21291	21679	2	405	p1	8.07674482668	0.129523379184	0.691324532274
21679	21704	2	405	p1	7.52803663583	0.0938568146082	0.108711438366
21704	21914	2	405	p1	12.2331635194	0.1904084525	0.196591844545
21914	22215	2	405	p1	11.8123419179	0.163320946112	0.251077524282
22215	22294	2	405	p1	11.8078493022	0.190802755404	0.199059602158
22294	22437	2	405	p1	11.5931994311	0.150739233836	0.169680234046
22437	22767	2	405	p1	11.4194549647	0.164869793611	0.244081165258
21086	21274	3	405	p1	5.07496385194	0.10277246081	0.0921012108779
21274	21291	3	405	p1	12.5922286171	0.717360524019	0.70376613895
21291	21679	3	405	p1	7.92468419111	0.522774213982	0.886892748284
21679	21704	3	405	p1	7.68539480824	0.36633336735	0.317941683309
21704	21914	3	405	p1	12.7570304407	0.833895143959	0.731516780203
21914	22215	3	405	p1	12.9076879368	0.784666868922	0.981640199597
22215	22294	3	405	p1	12.822111661	0.970691744376	1.05306882203
22294	22437	3	405	p1	12.2760890034	0.720548854319	0.924613971659
22437	22767	3	405	p1	12.1453291158	0.770951783501	1.12282284922
21086	21274	4	405	p1	8.26554174693	0.677818043583	0.592594438979
21274	21291	4	405	p1	21.1455918107	3.74646620821	3.98460725148
21291	21679	4	405	p1	14.3476862696	1.9005799987	2.1310826277
21679	21704	4	405	p1	14.908011207	1.68353697855	1.79416787849
21704	21914	4	405	p1	22.5413834951	3.96847596665	5.2134505811
21914	22215	4	405	p1	22.4363439173	3.53527152368	3.59128633707
22215	22294	4	405	p1	22.8430871663	4.73732308798	6.2187482795
22294	22437	4	405	p1	22.7263192045	4.26590384553	3.72563026273
22437	22767	4	405	p1	23.2202052131	4.17607196932	3.45587089816
21086	21274	5	405	p1	11.3283615689	0.944186213324	0.972320483401
21274	21291	5	405	p1	20.2754952732	3.52446894456	5.18038896107
21291	21679	5	405	p1	13.3807909334	2.01619215085	2.42890419492
21679	21704	5	405	p1	14.0708163499	1.52059593531	1.59171597418
21704	21914	5	405	p1	21.3764059279	3.67113046929	5.30882697144
21914	22215	5	405	p1	20.882048504	3.23262240258	2.97893161128
22215	22294	5	405	p1	21.2890199186	4.30715904369	5.06242530772
22294	22437	5	405	p1	22.0092108789	3.90452369871	3.35566545251
22437	22767	5	405	p1	21.2504675812	3.71462353544	3.70496625488
21086	21274	6	405	p1	8.28874183552	0.476014893517	0.502335454963
21274	21291	6	405	p1	23.539383144	2.53684769735	3.41866688938
21291	21679	6	405	p1	15.677715253	1.35831246329	1.8915862561
21679	21704	6	405	p1	16.2903345785	1.27463209369	1.67008123873
21704	21914	6	405	p1	25.6885094173	2.96633047178	4.34007486328
21914	22215	6	405	p1	25.0615096781	2.67408712589	3.33174986497
22215	22294	6	405	p1	25.4102342984	3.56666488358	3.14742648627
22294	22437	6	405	p1	22.0566551639	1.14634115494	1.28069173459
22437	22767	6	405	p1	25.4964203032	2.76813620745	3.71962812367
21086	21274	7	405	p1	18.8993452794	1.28316589222	1.49032051798
21274	21291	7	405	p1	26.6200908886	3.35252640105	5.16804552711
21291	21679	7	405	p1	17.8029226729	1.9756400067	2.75838650177
21679	21704	7	405	p1	16.8762136689	1.54298251185	1.41174598506
21704	21914	7	405	p1	27.5383887642	3.5098323689	4.55926691709
21914	22215	7	405	p1	25.9825084567	3.16448227961	3.86514751508
22215	22294	7	405	p1	26.6454074362	3.99759094342	2.9504292801
22294	22437	7	405	p1	27.3865665693	3.76442902058	5.02570213419
22437	22767	7	405	p1	26.2486202662	3.89639362149	2.47187959955
21086	21274	0	405	p2	0.0332850330814	0.0165187826347	0.0183605843192
21274	21291	0	405	p2	0.233512424901	0.115989942984	0.11252868547
21291	21679	0	405	p2	0.0827314115248	0.053564597307	0.0742918064265
21679	21704	0	405	p2	0.0662855901831	0.0492904135547	0.0402761209192
21704	21914	0	405	p2	0.276790171975	0.181589792906	0.142482101593
21914	22215	0	405	p2	0.254095569632	0.163720294513	0.206038061649
22215	22294	0	405	p2	0.229059501294	0.21315546747	0.19986327939
22294	22437	0	405	p2	0.222138545069	0.19239504939	0.295450396777
22437	22767	0	405	p2	0.148300818663	0.136145005166	0.0956176596169
21086	21274	1	405	p2	0.00996044644462	0.00527712026135	0.00674263532001
21274	21291	1	405	p2	-0.00339100983717	0.00550416327104	0.00666108743705
21291	21679	1	405	p2	0.00401814582281	0.00420275933724	0.00563099634934
21679	21704	1	405	p2	-0.000997005099539	0.00290610288581	0.00231276565657
21704	21914	1	405	p2	-0.00837715663962	0.00874691435319	0.00845209785414
21914	22215	1	405	p2	-0.00359695086612	0.00753201788737	0.00783095174185
22215	22294	1	405	p2	-0.00468192876641	0.00943698772122	0.0104860025106
22294	22437	1	405	p2	-0.00791102788584	0.0083153611453	0.0115870202428
22437	22767	1	405	p2	-0.00953832976427	0.00862860621092	0.0114745575155
21086	21274	2	405	p2	-0.00347729411354	0.00053757514118	0.000519782542916
21274	21291	2	405	p2	-0.0112235439434	0.00097603153771	0.00129925506354
21291	21679	2	405	p2	-0.0043342181216	0.000659628421853	0.000765979442911
21679	21704	2	405	p2	-0.00487720602576	0.000423463959687	0.000476576885246
21704	21914	2	405	p2	-0.0122093328693	0.00138138284592	0.00146185843558
21914	22215	2	405	p2	-0.0113164685021	0.00113387201488	0.00180126740875
22215	22294	2	405	p2	-0.012143482276	0.00129663429416	0.00140081093421
22294	22437	2	405	p2	-0.0118555266662	0.000982451553222	0.00101057404659
22437	22767	2	405	p2	-0.0115420396782	0.00110771282366	0.00182664790772
21086	21274	3	405	p2	-0.00101294373591	0.000785678062267	0.000563486604954
21274	21291	3	405	p2	0.00279267182358	0.0103934195379	0.0108269034141
21291	21679	3	405	p2	0.0052314056114	0.00614053211281	0.00836654533506
21679	21704	3	405	p2	4.46958772664e-05	0.00379178793148	0.00305212602032
21704	21914	3	405	p2	-0.00392395733452	0.0138784038458	0.011259879338
21914	22215	3	405	p2	-0.0027235279867	0.0129185719537	0.0156088754401
22215	22294	3	405	p2	-0.00767604011227	0.0159458493458	0.0173399910711
22294	22437	3	405	p2	-0.003176016162	0.0111380292822	0.0133321631112
22437	22767	3	405	p2	-0.00471468715684	0.0121325706145	0.0132955678894
21086	21274	4	405	p2	0.0262861395743	0.0115065353234	0.0100899258797
21274	21291	4	405	p2	0.1785513179	0.0792438352694	0.082293537936
21291	21679	4	405	p2	0.0600765336418	0.033323643485	0.0388543116584
21679	21704	4	405	p2	0.0411421771605	0.0285348800973	0.030181333082
21704	21914	4	405	p2	0.144085089205	0.104166305948	0.118614144405
21914	22215	4	405	p2	0.119951267783	0.090522996751	0.0895499410497
22215	22294	4	405	p2	0.144048728654	0.123346105301	0.152589496114
22294	22437	4	405	p2	0.141771380483	0.109526124419	0.105897603704
22437	22767	4	405	p2	0.118713238149	0.109235591822	0.0771557499736
21086	21274	5	405	p2	0.049663016625	0.0159300066763	0.016560914459
21274	21291	5	405	p2	0.158943897093	0.0738871995225	0.0938816936264
21291	21679	5	405	p2	0.0610633905902	0.0377812673327	0.0441342532034
21679	21704	5	405	p2	0.0359508221773	0.0256302769079	0.0273901021803
21704	21914	5	405	p2	0.133503538595	0.0958259513576	0.132811097878
21914	22215	5	405	p2	0.131618282077	0.0829115361418	0.0734192479701
22215	22294	5	405	p2	0.126462516698	0.111396118634	0.13177416083
22294	22437	5	405	p2	0.107784442306	0.0996480169787	0.0978066326367
22437	22767	5	405	p2	0.125262294641	0.0976250933564	0.0976035298608
21086	21274	6	405	p2	0.0197304721157	0.00700432751914	0.0080845474254
21274	21291	6	405	p2	0.108425719734	0.0477514204631	0.0642850242812
21291	21679	6	405	p2	0.0340863617388	0.0200921902167	0.0303717135662
21679	21704	6	405	p2	0.0245943051069	0.0186743709912	0.0244571921705
21704	21914	6	405	p2	0.0769994720216	0.0673297015687	0.091655622892
21914	22215	6	405	p2	0.066399386522	0.0599187918191	0.0712692471842
22215	22294	6	405	p2	0.0767262049172	0.0804696125079	0.067390401235
22294	22437	6	405	p2	-0.0175507072014	0.0184774720738	0.020191909897
22437	22767	6	405	p2	0.0644553870217	0.0605843579125	0.078966732188
21086	21274	7	405	p2	0.0487411041956	0.0196041644318	0.02299102844
21274	21291	7	405	p2	0.139836230817	0.0637182476814	0.0963475740313
21291	21679	7	405	p2	0.0453061357069	0.0314052786291	0.0470100579361
21679	21704	7	405	p2	0.0362824726451	0.023093372141	0.0208757827037
21704	21914	7	405	p2	0.0842569758523	0.0807658975694	0.101257631791
21914	22215	7	405	p2	0.104671407372	0.0718427618096	0.0840860225184
22215	22294	7	405	p2	0.0981517758514	0.090972197418	0.0706762260774
22294	22437	7	405	p2	0.11086942904	0.0856530614917	0.120476737096
22437	22767	7	405	p2	0.125409085513	0.0908995551373	0.0612267810699
21086	21274	0	465	p0	3.74144747147	1.72198457138	1.82616914414
21274	21291	0	465	p0	11.0536125472	3.86747403288	12.8043884985
21291	21679	0	465	p0	10.4584691354	4.01633271281	4.31646320857
21679	21704	0	465	p0	12.1532615625	3.3187886907	2.75754988581
21704	21914	0	465	p0	1.12550718134	6.59441517209	9.27834763849
21914	22215	0	465	p0	-0.794714671258	6.65361796619	8.27870212239
22215	22294	0	465	p0	-0.963493364119	7.37270645772	11.0938551311
22294	22437	0	465	p0	-2.90970252059	6.16504643937	7.76037839683
22437	22767	0	465	p0	5.63093420463	6.0140050818	7.5450433684
21086	21274	1	465	p0	5.34989729921	1.03527090223	0.722674133472
21274	21291	1	465	p0	13.2473285339	1.18866048973	1.90140623168
21291	21679	1	465	p0	8.3092049697	1.73491029051	4.04242612013
21679	21704	1	465	p0	13.6093599931	1.80347443018	2.00593852184
21704	21914	1	465	p0	13.2431309087	2.08122692742	2.66015821811
21914	22215	1	465	p0	13.5908613277	1.82621323457	2.65024233176
22215	22294	1	465	p0	12.3950672607	2.15101105068	3.09435990445
22294	22437	1	465	p0	13.1005907227	1.8027158759	1.97859016507
22437	22767	1	465	p0	13.6830928134	1.95683759118	4.09839684982
21086	21274	2	465	p0	12.6341783454	1.04122028579	2.03475177269
21274	21291	2	465	p0	25.5286624724	1.45156407789	2.01779214804
21291	21679	2	465	p0	21.6032224339	2.35764770345	5.32010328294
21679	21704	2	465	p0	24.1842776636	2.01485550994	2.62519305255
21704	21914	2	465	p0	23.4960678514	2.23856024071	3.21860666688
21914	22215	2	465	p0	15.4075567006	2.00571276395	3.30405304268
22215	22294	2	465	p0	14.6164999149	2.57969443796	3.35597759964
22294	22437	2	465	p0	17.3672805678	2.24643907999	2.06561093849
22437	22767	2	465	p0	19.6694505709	2.51410843417	3.43451668377
21086	21274	3	465	p0	-8.58965593767	0.799596306841	1.15111535733
21274	21291	3	465	p0	-10.7384034368	1.66575820738	5.89703761865
21291	21679	3	465	p0	-10.9985672207	2.04012035042	9.40151079147
21679	21704	3	465	p0	-17.7053632071	2.1317134821	2.99525573036
21704	21914	3	465	p0	-17.110128489	2.35587696977	2.10244101907
21914	22215	3	465	p0	-14.7793369262	2.21208258169	2.18758311427
22215	22294	3	465	p0	-18.7493560868	2.49050426632	3.33306845921
22294	22437	3	465	p0	-13.2201482805	2.05022707062	4.65063833272
22437	22767	3	465	p0	-16.2163721238	2.08382261686	4.35525110031
21086	21274	4	465	p0	4.38287226869	1.68948392728	1.78746326713
21274	21291	4	465	p0	8.3122926517	4.96845810779	14.4247958452
21291	21679	4	465	p0	8.36771623173	4.71820860698	4.48391759283
21679	21704	4	465	p0	5.6929579185	3.86014894272	5.47288460118
21704	21914	4	465	p0	-4.54904883385	7.28370042889	10.3376678804
21914	22215	4	465	p0	-9.34750455435	7.22348108695	8.13463540484
22215	22294	4	465	p0	-7.8472294132	8.64397479731	10.1896077347
22294	22437	4	465	p0	-10.064944795	7.22984470079	6.47330941144
22437	22767	4	465	p0	-6.245047263	7.25418293069	9.41877076282
21086	21274	5	465	p0	-3.56857296263	2.43724472769	8.13893297101
21274	21291	5	465	p0	22.1805733629	5.19170760365	19.1186366153
21291	21679	5	465	p0	22.4734752649	4.72978381183	4.77362404741
21679	21704	5	465	p0	20.3491513099	3.94173058904	2.75242384726
21704	21914	5	465	p0	16.8736780869	7.45579664374	7.42257700369
21914	22215	5	465	p0	11.4409304492	7.62473463193	7.131139681
22215	22294	5	465	p0	9.92755343152	8.86120483528	12.4110077761
22294	22437	5	465	p0	6.37221777852	7.50567799609	4.44237826279
22437	22767	5	465	p0	7.49383837824	6.85700206885	9.06446682191
21086	21274	6	465	p0	7.43573891493	1.54302040479	1.63750273589
21274	21291	6	465	p0	9.48892907863	4.51088343657	14.8698955744
21291	21679	6	465	p0	8.19856496839	4.34152002315	5.30153482438
21679	21704	6	465	p0	4.41049503402	3.76090311913	5.35827281467
21704	21914	6	465	p0	-6.13057434111	6.6200214454	9.3026149571
21914	22215	6	465	p0	-9.60868258124	6.35573827275	5.83413874694
22215	22294	6	465	p0	-13.4114327656	7.46929812633	8.41582234088
22294	22437	6	465	p0	6.27670030881	3.55233487717	3.97936183378
22437	22767	6	465	p0	-15.424932824	6.21611438132	8.58348945644
21086	21274	7	465	p0	25.0539613793	3.68018375511	3.09695314441
21274	21291	7	465	p0	23.9604458913	4.99215266779	18.8497843233
21291	21679	7	465	p0	19.9997631797	5.42417494125	4.73817806068
21679	21704	7	465	p0	16.2426860843	4.27194140694	4.64108640349
21704	21914	7	465	p0	12.7314470214	7.26642576552	9.054600211
21914	22215	7	465	p0	12.3178908406	7.37548686568	6.60145184955
22215	22294	7	465	p0	9.82716802485	8.39312782553	6.421100053
22294	22437	7	465	p0	-2.52759304166	7.59529178054	10.0815029206
22437	22767	7	465	p0	1.86243921219	7.39103221817	9.28702509921
21086	21274	0	465	p1	2.79397399668	0.0421403214595	0.0438098215059
21274	21291	0	465	p1	5.94516160642	0.135913386666	0.220920362799
21291	21679	0	465	p1	3.86827235537	0.115704254671	0.27516289915
21679	21704	0	465	p1	3.71601490074	0.0878496515878	0.0793424685829
21704	21914	0	465	p1	6.3363744075	0.22825253739	0.259557822255
21914	22215	0	465	p1	6.32663755504	0.217452065914	0.254833235018
22215	22294	0	465	p1	6.25469918404	0.239762253931	0.350171090269
22294	22437	0	465	p1	6.09503601026	0.197482432543	0.279368040037
22437	22767	0	465	p1	5.77948793576	0.191724195274	0.24012337618
21086	21274	1	465	p1	1.42702306007	0.0157964771112	0.0177048610501
21274	21291	1	465	p1	2.07152855125	0.012534482368	0.122356896847
21291	21679	1	465	p1	1.58123270715	0.0166224697923	0.160293537149
21679	21704	1	465	p1	1.38722049182	0.0133705327805	0.0160707330312
21704	21914	1	465	p1	2.21896572934	0.0241001481992	0.0409372496135
21914	22215	1	465	p1	2.18029295939	0.0210064960026	0.0381913356707
22215	22294	1	465	p1	2.16199711444	0.0242699581857	0.0383160946974
22294	22437	1	465	p1	2.11669211214	0.0202797789357	0.0251382899351
22437	22767	1	465	p1	2.10298431022	0.0220619343592	0.0893303042253
21086	21274	2	465	p1	1.28001476752	0.00757822241739	0.0241005517863
21274	21291	2	465	p1	2.15971382802	0.0128906082738	0.0162267152012
21291	21679	2	465	p1	1.4912098159	0.0149035462954	0.175802092356
21679	21704	2	465	p1	1.30354350158	0.0121267371651	0.0160848939853
21704	21914	2	465	p1	2.12769717635	0.0215443881231	0.0296902596904
21914	22215	2	465	p1	2.0742776083	0.0193812215797	0.0190478283736
22215	22294	2	465	p1	2.03112485036	0.0239657862352	0.0237856121023
22294	22437	2	465	p1	1.97135080936	0.0206719155609	0.0159231122412
22437	22767	2	465	p1	1.91108230218	0.0222753018345	0.0479671446123
21086	21274	3	465	p1	1.02529633197	0.00642249462501	0.0193179542536
21274	21291	3	465	p1	2.79913337076	0.0276976862982	0.0683538002345
21291	21679	3	465	p1	1.85636407393	0.0283427771974	0.255655972561
21679	21704	3	465	p1	1.7352079105	0.0240853777624	0.0346525856787
21704	21914	3	465	p1	2.74860192234	0.0430365867918	0.0432210424622
21914	22215	3	465	p1	2.81799415431	0.040671232661	0.0488930941227
22215	22294	3	465	p1	2.70224945409	0.0443147483006	0.055910694243
22294	22437	3	465	p1	2.53714362843	0.0347798945694	0.0470109760205
22437	22767	3	465	p1	2.51419004387	0.034217214297	0.0597004723934
21086	21274	4	465	p1	2.64902841918	0.0449654057901	0.043532041968
21274	21291	4	465	p1	7.86943206428	0.179309589791	0.243839668194
21291	21679	4	465	p1	5.01801949385	0.139787296663	0.34508559514
21679	21704	4	465	p1	4.88121865491	0.101681821729	0.111650578099
21704	21914	4	465	p1	8.03004697869	0.253088746531	0.366947959432
21914	22215	4	465	p1	7.92444215764	0.236972552984	0.24923037548
22215	22294	4	465	p1	8.11554958592	0.286136708717	0.296114554023
22294	22437	4	465	p1	8.02906499151	0.244248423812	0.240445843521
22437	22767	4	465	p1	7.81247722456	0.244268179191	0.349675574835
21086	21274	5	465	p1	3.99636617682	0.0694504123086	0.0719831897098
21274	21291	5	465	p1	8.16713756074	0.188977644211	0.230936522677
21291	21679	5	465	p1	5.18797507948	0.137068013446	0.358436710283
21679	21704	5	465	p1	5.00946427349	0.10798597314	0.102610676931
21704	21914	5	465	p1	8.25146675332	0.274405450433	0.234472739286
21914	22215	5	465	p1	8.28512474996	0.268990649697	0.259473743326
22215	22294	5	465	p1	8.09099039122	0.316163990645	0.421797790555
22294	22437	5	465	p1	8.14679006636	0.263462327047	0.159047083876
22437	22767	5	465	p1	7.92927860511	0.236908661938	0.306385035489
21086	21274	6	465	p1	2.78136251797	0.0362944691715	0.036137180385
21274	21291	6	465	p1	8.41601105151	0.134200259339	0.185344655382
21291	21679	6	465	p1	5.42505169048	0.103924221693	0.428154795868
21679	21704	6	465	p1	5.41203291047	0.0847157078961	0.111807723182
21704	21914	6	465	p1	8.95082770035	0.202217506781	0.227114530398
21914	22215	6	465	p1	8.47987773192	0.185552391015	0.15669273044
22215	22294	6	465	p1	8.56370088315	0.220658961252	0.259573767496
22294	22437	6	465	p1	6.21460981607	0.0746225329427	0.100117044022
22437	22767	6	465	p1	8.40996556378	0.183723278583	0.292841563318
21086	21274	7	465	p1	5.90615917248	0.0912292480003	0.0874202684768
21274	21291	7	465	p1	8.50278832134	0.149038121883	0.261258400947
21291	21679	7	465	p1	5.61328414867	0.13097866375	0.462244610667
21679	21704	7	465	p1	5.05650839948	0.0924094735394	0.12868840121
21704	21914	7	465	p1	8.19243474961	0.209870341221	0.220614040127
21914	22215	7	465	p1	8.07196001768	0.204873401546	0.192315351156
22215	22294	7	465	p1	7.9711062571	0.227954555435	0.205809881858
22294	22437	7	465	p1	8.41561197459	0.209325363803	0.343166473149
22437	22767	7	465	p1	8.19398281535	0.203571673257	0.284571016877
21086	21274	0	465	p2	-0.000994542540757	0.000172043566849	0.00019460359991
21274	21291	0	465	p2	-0.00355065191577	0.000923571907783	0.00118582193698
21291	21679	0	465	p2	-0.000970576341761	0.000583278570711	0.00125139679596
21679	21704	0	465	p2	-0.00152900857331	0.000397774443987	0.000404532334972
21704	21914	0	465	p2	-0.0064145778584	0.00153042881726	0.00156950894828
21914	22215	0	465	p2	-0.00614681707344	0.00139111645442	0.00160385332207
22215	22294	0	465	p2	-0.00635130666906	0.00152112252104	0.00212271528106
22294	22437	0	465	p2	-0.00598986805105	0.00122190443868	0.00137647701341
22437	22767	0	465	p2	-0.00566529865949	0.00116153715585	0.0011098615668
21086	21274	1	465	p2	-0.000813287524354	3.67830900785e-05	2.35718669819e-05
21274	21291	1	465	p2	-0.00134821278805	2.06396186721e-05	0.000107055844356
21291	21679	1	465	p2	-0.00074117101539	2.23667101769e-05	0.00017752669233
21679	21704	1	465	p2	-0.000595420529601	1.42109851432e-05	2.03560961667e-05
21704	21914	1	465	p2	-0.00150436750547	4.17013634393e-05	7.51615860931e-05
21914	22215	1	465	p2	-0.0014591348549	3.58230046089e-05	6.15951144194e-05
22215	22294	1	465	p2	-0.00144384700219	4.04295173018e-05	6.09796176445e-05
22294	22437	1	465	p2	-0.00140944398234	3.36593559915e-05	3.43262064584e-05
22437	22767	1	465	p2	-0.00138767517618	3.64310849671e-05	0.000125152182996
21086	21274	2	465	p2	-0.000571398209944	8.22040490203e-06	2.05623693293e-05
21274	21291	2	465	p2	-0.00139315844516	1.94111103343e-05	2.12258168153e-05
21291	21679	2	465	p2	-0.000636554115661	1.52232664178e-05	0.000178877127654
21679	21704	2	465	p2	-0.000537134990995	1.1461843216e-05	1.61041682586e-05
21704	21914	2	465	p2	-0.0013965668884	3.36726361748e-05	4.07288283014e-05
21914	22215	2	465	p2	-0.00136889202717	3.03355849656e-05	3.16681699852e-05
22215	22294	2	465	p2	-0.00133171282894	3.67832094382e-05	3.38707001625e-05
22294	22437	2	465	p2	-0.00128590909187	3.18776005725e-05	2.25407921576e-05
22437	22767	2	465	p2	-0.00123372090343	3.30818163106e-05	6.896082885e-05
21086	21274	3	465	p2	-0.000438064196137	7.09745377811e-06	1.74888736725e-05
21274	21291	3	465	p2	-0.00231500761623	8.07634812543e-05	0.000163995601831
21291	21679	3	465	p2	-0.000975028072852	5.993444424e-05	0.000340079283463
21679	21704	3	465	p2	-0.000955649154439	4.22749674963e-05	5.9686453247e-05
21704	21914	3	465	p2	-0.00231287187609	0.000124216094241	0.000126644388725
21914	22215	3	465	p2	-0.00237503804889	0.000120084597734	0.000148447773121
22215	22294	3	465	p2	-0.00221999218222	0.000124673903492	0.000116290580805
22294	22437	3	465	p2	-0.00199764400812	9.16368405838e-05	0.000100940481241
22437	22767	3	465	p2	-0.00201827642795	8.49244674426e-05	0.000117312533725
21086	21274	4	465	p2	-0.000696199294608	0.000221037894254	0.000370752833195
21274	21291	4	465	p2	-0.00649354265142	0.0013057105633	0.00151368995793
21291	21679	4	465	p2	-0.00157545785311	0.00077543632743	0.00208477432183
21679	21704	4	465	p2	-0.00248075511619	0.00048638116674	0.000454882530348
21704	21914	4	465	p2	-0.00821955220498	0.00175634282015	0.00275195802313
21914	22215	4	465	p2	-0.00913954025892	0.00156912845573	0.00159825649484
22215	22294	4	465	p2	-0.00921395273173	0.00191496665548	0.00185945062606
22294	22437	4	465	p2	-0.00939971268724	0.00165851876535	0.00181581596475
22437	22767	4	465	p2	-0.00930431760261	0.00164417377364	0.00196844503225
21086	21274	5	465	p2	-0.000490567957835	0.000381094848867	0.000515452449097
21274	21291	5	465	p2	-0.00821380285319	0.00139683437712	0.00100690045389
21291	21679	5	465	p2	-0.00222373828039	0.000771011897525	0.0018663143353
21679	21704	5	465	p2	-0.00295598214334	0.000565274091755	0.000550991496857
21704	21914	5	465	p2	-0.00954263627962	0.00206144820563	0.00184355725065
21914	22215	5	465	p2	-0.0106380201847	0.00196332178148	0.00193532772027
22215	22294	5	465	p2	-0.00980562414982	0.00233386616622	0.00275823834628
22294	22437	5	465	p2	-0.0103667496101	0.00192222950129	0.00127006714838
22437	22767	5	465	p2	-0.0102123761617	0.00165235807056	0.00187910876405
21086	21274	6	465	p2	-0.00107212688234	0.00015845229712	0.000183367948667
21274	21291	6	465	p2	-0.00801077444631	0.000806828315238	0.000736759353937
21291	21679	6	465	p2	-0.00276441867873	0.000471920293238	0.00133993649187
21679	21704	6	465	p2	-0.00338641380572	0.000349766718134	0.000505141443068
21704	21914	6	465	p2	-0.0103236456248	0.00123569278839	0.00148204566513
21914	22215	6	465	p2	-0.00932419681822	0.00109176119709	0.000877150877865
22215	22294	6	465	p2	-0.0095115705125	0.00130891326855	0.00169670479794
22294	22437	6	465	p2	-0.00686271169487	0.000297084651663	0.000440531640752
22437	22767	6	465	p2	-0.00974960669884	0.00107023142628	0.00113916272426
21086	21274	7	465	p2	-0.00281582503098	0.000407870046256	0.000360110790738
21274	21291	7	465	p2	-0.0071395960466	0.000882166558748	0.00111370126431
21291	21679	7	465	p2	-0.00270063918832	0.000575270168504	0.00106156124224
21679	21704	7	465	p2	-0.00280750046253	0.000351124601827	0.000507166580056
21704	21914	7	465	p2	-0.00771196626396	0.00115531045137	0.00110972237618
21914	22215	7	465	p2	-0.00784773566832	0.00109994868028	0.000962467716776
22215	22294	7	465	p2	-0.00795218361925	0.00119464562385	0.00119216502295
22294	22437	7	465	p2	-0.00895711359244	0.00113041622162	0.00197033587889
22437	22767	7	465	p2	-0.00875824631308	0.00106481330601	0.00131992522019
