18745	0	p0	-3.2826207631111526	0.99110218275331985	5	329.06405639648438	5	61.291282653808594	
18745	0	p1	0.12160367821939573	0.0041260070346011528	5	329.06405639648438	5	61.291282653808594	
18745	0	p2	4.4522437771925562e-06	2.7279626737720951e-06	5	329.06405639648438	5	61.291282653808594	
18745	0	nlambda	5.1264661751936949	0.099543166419675408	5	329.06405639648438	5	61.291282653808594	
18745	1	p0	-3.4955137566409178	0.99879653047860306	5	951.942626953125	5	115.27499389648438	
18745	1	p1	0.2338073179358009	0.0068981016981172977	5	951.942626953125	5	115.27499389648438	
18745	1	p2	2.380751218916563e-05	6.6172039272149434e-06	5	951.942626953125	5	115.27499389648438	
18745	1	nlambda	5.832044119223819	0.13074968487699162	5	951.942626953125	5	115.27499389648438	
18745	2	p0	-3.3443234596632561	1.4173979227662619	16.915884017944336	1027.9534912109375	5	278.39019775390625	
18745	2	p1	0.28670294591658102	0.0086413705266871668	16.915884017944336	1027.9534912109375	5	278.39019775390625	
18745	2	p2	1.8494302945346322e-05	8.6198267049556229e-06	16.915884017944336	1027.9534912109375	5	278.39019775390625	
18745	2	nlambda	5.3753878937699229	0.10990395943813354	16.915884017944336	1027.9534912109375	5	278.39019775390625	
18745	3	p0	-2.3755581316589827	1.2292887863432935	8.7256612777709961	1027.9534912109375	5	158.96412658691406	
18745	3	p1	0.29227282964572054	0.0086229866267399109	8.7256612777709961	1027.9534912109375	5	158.96412658691406	
18745	3	p2	2.4158574404316752e-05	9.4292006663851441e-06	8.7256612777709961	1027.9534912109375	5	158.96412658691406	
18745	3	nlambda	4.9454801726476143	0.098687808534149588	8.7256612777709961	1027.9534912109375	5	158.96412658691406	
18745	4	p0	-5.0583420548849665	1.0001560193372196	5	572.43560791015625	5	115.27499389648438	
18745	4	p1	0.15948935281294796	0.0036452381597749267	5	572.43560791015625	5	115.27499389648438	
18745	4	p2	7.1526561925428529e-06	2.1910437238965354e-06	5	572.43560791015625	5	115.27499389648438	
18745	4	nlambda	4.2136165522918363	0.071240793134741964	5	572.43560791015625	5	115.27499389648438	
18745	5	p0	-4.9904400130008222	0.96590391896872063	5	413.82867431640625	5	96.1322021484375	
18745	5	p1	0.17107287208971728	0.0041362132805698995	5	413.82867431640625	5	96.1322021484375	
18745	5	p2	1.0162529135149019e-05	2.9388432497026284e-06	5	413.82867431640625	5	96.1322021484375	
18745	5	nlambda	4.0549987977905317	0.065041076379110718	5	413.82867431640625	5	96.1322021484375	
18745	6	p0	-2.8604629105117976	0.90373384770243148	5	572.43560791015625	5	132.95379638671875	
18745	6	p1	0.17107823514607154	0.0037098175749641612	5	572.43560791015625	5	132.95379638671875	
18745	6	p2	1.2094397691960719e-05	2.6497389321457574e-06	5	572.43560791015625	5	132.95379638671875	
18745	6	nlambda	3.9862555300555282	0.063803989459364233	5	572.43560791015625	5	132.95379638671875	
18745	7	p0	-3.6866244350279458	0.99385734201011722	5	329.06405639648438	5	72.972541809082031	
18745	7	p1	0.069277157712354612	0.0020067495298863062	5	329.06405639648438	5	72.972541809082031	
18745	7	p2	2.4608798483456498e-06	6.8238133429915835e-07	5	329.06405639648438	5	72.972541809082031	
18745	7	nlambda	4.3658588317862739	0.074739988551375633	5	329.06405639648438	5	72.972541809082031	
18745	8	PDq1	4	0	5	61.291282653808594	8.1858251091998514e-38	5	
18745	8	PDq2	-0.0036639852320048843	0.00061221058194001665	5	61.291282653808594	8.1858251091998514e-38	5	
18745	8	PDq3	1.0093009081398173e-06	1.3729836266318312e-06	5	61.291282653808594	8.1858251091998514e-38	5	
18745	10	Chisq/nvars	330.82484227729458	34	359	3
18746	0	p0	0	1.4142135623730951	5	0	5	0	
18746	0	p1	1.5	1.4142135623730951	5	0	5	0	
18746	0	p2	-9.9999999999999995e-07	1.4142135623730951	5	0	5	0	
18746	0	nlambda	5	35.355339059327378	5	0	5	0	
18746	1	p0	0	1.4142135623730951	5	0	5	0	
18746	1	p1	1.5	1.4142135623730951	5	0	5	0	
18746	1	p2	-9.9999999999999995e-07	1.4142135623730951	5	0	5	0	
18746	1	nlambda	5	35.355339059327378	5	0	5	0	
18746	2	p0	0	1.4142135623730951	5	0	5	0	
18746	2	p1	1.5	1.4142135623730951	5	0	5	0	
18746	2	p2	-9.9999999999999995e-07	1.4142135623730951	5	0	5	0	
18746	2	nlambda	5	35.355339059327378	5	0	5	0	
18746	3	p0	0	1.4142135623730951	5	0	5	0	
18746	3	p1	1.5	1.4142135623730951	5	0	5	0	
18746	3	p2	-9.9999999999999995e-07	1.4142135623730951	5	0	5	0	
18746	3	nlambda	5	35.355339059327378	5	0	5	0	
18746	4	p0	0	1.4142135623730951	5	0	5	0	
18746	4	p1	0.5	1.4142135623730951	5	0	5	0	
18746	4	p2	-9.9999999999999995e-07	1.4142135623730951	5	0	5	0	
18746	4	nlambda	5	35.355339059327378	5	0	5	0	
18746	5	p0	0	1.4142135623730951	5	0	5	0	
18746	5	p1	0.5	1.4142135623730951	5	0	5	0	
18746	5	p2	-9.9999999999999995e-07	1.4142135623730951	5	0	5	0	
18746	5	nlambda	5	35.355339059327378	5	0	5	0	
18746	6	p0	0	1.4142135623730951	5	0	5	0	
18746	6	p1	0.5	1.4142135623730951	5	0	5	0	
18746	6	p2	-9.9999999999999995e-07	1.4142135623730951	5	0	5	0	
18746	6	nlambda	5	35.355339059327378	5	0	5	0	
18746	7	p0	0	1.4142135623730951	5	0	5	0	
18746	7	p1	0.5	1.4142135623730951	5	0	5	0	
18746	7	p2	-9.9999999999999995e-07	1.4142135623730951	5	0	5	0	
18746	7	nlambda	5	35.355339059327378	5	0	5	0	
18746	8	PDq1	4	0	5	0	1.5461097686669151e-37	5	
18746	8	PDq2	-0.001	1.4142135623730951	5	0	1.5461097686669151e-37	5	
18746	8	PDq3	0	1.4142135623730951	5	0	1.5461097686669151e-37	5	
18746	10	Chisq/nvars	0	34	0	1
18747	0	p0	-0.82651873103698392	0.64205076203331612	5	328.53082275390625	5	63.637931823730469	
18747	0	p1	0.11726575824729717	0.0026804497586017527	5	328.53082275390625	5	63.637931823730469	
18747	0	p2	6.0542259191760229e-06	1.7500355088356628e-06	5	328.53082275390625	5	63.637931823730469	
18747	0	nlambda	5.0249769819310419	0.07226588240796733	5	328.53082275390625	5	63.637931823730469	
18747	1	p0	-4.4864638608081009	0.88405669483809002	10.180780410766602	957.00567626953125	5	129.37715148925781	
18747	1	p1	0.24721104033849714	0.0050783932374570484	10.180780410766602	957.00567626953125	5	129.37715148925781	
18747	1	p2	1.1000250757698886e-05	4.5023150663701596e-06	10.180780410766602	957.00567626953125	5	129.37715148925781	
18747	1	nlambda	5.7236113351135129	0.094628602193634059	10.180780410766602	957.00567626953125	5	129.37715148925781	
18747	2	p0	-3.845119109439767	0.93565502060443206	18.092916488647461	1028.976318359375	5	285.57595825195312	
18747	2	p1	0.28448548004267166	0.0058143430771814648	18.092916488647461	1028.976318359375	5	285.57595825195312	
18747	2	p2	2.0146589117857863e-05	5.8120366791013096e-06	18.092916488647461	1028.976318359375	5	285.57595825195312	
18747	2	nlambda	5.3802697419218299	0.082810306958003482	18.092916488647461	1028.976318359375	5	285.57595825195312	
18747	3	p0	-4.8535173061361565	0.95960427389141922	10.180780410766602	1028.976318359375	5	159.16806030273438	
18747	3	p1	0.29444223643705847	0.0061431943264400879	10.180780410766602	1028.976318359375	5	159.16806030273438	
18747	3	p2	1.9687801368026574e-05	6.3632111463911021e-06	10.180780410766602	1028.976318359375	5	159.16806030273438	
18747	3	nlambda	5.0396470005309624	0.07613352977959402	10.180780410766602	1028.976318359375	5	159.16806030273438	
18747	4	p0	-3.6682601296843518	0.70327469574546442	5	574.2120361328125	5	123.35105895996094	
18747	4	p1	0.1547977473003854	0.0026693478358328633	5	574.2120361328125	5	123.35105895996094	
18747	4	p2	9.9414104486773028e-06	1.7220108264560776e-06	5	574.2120361328125	5	123.35105895996094	
18747	4	nlambda	4.2194209486687413	0.055157065536005016	5	574.2120361328125	5	123.35105895996094	
18747	5	p0	-2.9685816619390946	0.77474392088862454	5	416.16412353515625	5	93.3575439453125	
18747	5	p1	0.16777985895777603	0.0031132744646598172	5	416.16412353515625	5	93.3575439453125	
18747	5	p2	1.3472298309978372e-05	2.2425856135974968e-06	5	416.16412353515625	5	93.3575439453125	
18747	5	nlambda	3.9445539302253576	0.047862269800419292	5	416.16412353515625	5	93.3575439453125	
18747	6	p0	-2.0941770596798372	0.68710052741379657	5	627.5799560546875	5	129.37715148925781	
18747	6	p1	0.17090674787725471	0.0027382998416296258	5	627.5799560546875	5	129.37715148925781	
18747	6	p2	1.2465158822097985e-05	1.9505409383848205e-06	5	627.5799560546875	5	129.37715148925781	
18747	6	nlambda	3.9764069575550471	0.04865630882783923	5	627.5799560546875	5	129.37715148925781	
18747	7	p0	-3.3880036082926517	0.81101061898132121	5	371.89218139648438	5	74.186454772949219	
18747	7	p1	0.06854067081152819	0.0015831302036233576	5	371.89218139648438	5	74.186454772949219	
18747	7	p2	2.4577885520219106e-06	5.3146177645873881e-07	5	371.89218139648438	5	74.186454772949219	
18747	7	nlambda	4.4284420815780061	0.059105668785864617	5	371.89218139648438	5	74.186454772949219	
18747	8	PDq1	4	0	5	63.637931823730469	9.2361577232661892e-38	5	
18747	8	PDq2	-0.0034076786948445442	0.00048201661150809854	5	63.637931823730469	9.2361577232661892e-38	5	
18747	8	PDq3	3.0722741722238064e-07	1.0679545680226371e-06	5	63.637931823730469	9.2361577232661892e-38	5	
18747	10	Chisq/nvars	346.2083985402935	34	350	3
18748	0	p0	-2.6607684981995514	0.41632127723230117	5	329.56097412109375	5	65.143730163574219	
18748	0	p1	0.12087835363254996	0.0017629932596089969	5	329.56097412109375	5	65.143730163574219	
18748	0	p2	4.0535049573424075e-06	1.1344618637396511e-06	5	329.56097412109375	5	65.143730163574219	
18748	0	nlambda	5.1050222347601846	0.046886368228017075	5	329.56097412109375	5	65.143730163574219	
18748	1	p0	-3.9291120020904247	0.53375387718877654	8.6659116744995117	955.67779541015625	5	116.98918151855469	
18748	1	p1	0.24182897912149381	0.0032370815675266617	8.6659116744995117	955.67779541015625	5	116.98918151855469	
18748	1	p2	1.5818670546535025e-05	2.9246474769752193e-06	8.6659116744995117	955.67779541015625	5	116.98918151855469	
18748	1	nlambda	5.765635824765428	0.060186437399992597	8.6659116744995117	955.67779541015625	5	116.98918151855469	
18748	2	p0	-4.6753598225479074	0.64579037617810009	18.144546508789062	1025.8818359375	5	289.17276000976562	
18748	2	p1	0.29120104869516494	0.0039004143824637604	18.144546508789062	1025.8818359375	5	289.17276000976562	
18748	2	p2	1.3808472916180731e-05	3.8259649544314362e-06	18.144546508789062	1025.8818359375	5	289.17276000976562	
18748	2	nlambda	5.3826510847504645	0.052548165398746148	18.144546508789062	1025.8818359375	5	289.17276000976562	
18748	3	p0	-4.1830974454497953	0.59917291712212284	8.6659116744995117	1025.8818359375	5	159.71855163574219	
18748	3	p1	0.29637586258853654	0.0040051643616684863	8.6659116744995117	1025.8818359375	5	159.71855163574219	
18748	3	p2	2.2046262810167992e-05	4.2194954778777578e-06	8.6659116744995117	1025.8818359375	5	159.71855163574219	
18748	3	nlambda	4.9551587781396682	0.047077233413364283	8.6659116744995117	1025.8818359375	5	159.71855163574219	
18748	4	p0	-4.2596135051319228	0.46063608447122256	5	572.6312255859375	5	116.98918151855469	
18748	4	p1	0.15497686783855419	0.0017126761550591493	5	572.6312255859375	5	116.98918151855469	
18748	4	p2	9.4801770790395665e-06	1.0627631238643414e-06	5	572.6312255859375	5	116.98918151855469	
18748	4	nlambda	4.2824923271806625	0.034926723119124113	5	572.6312255859375	5	116.98918151855469	
18748	5	p0	-3.6650567817884632	0.46456821278517718	5	419.02813720703125	5	95.116012573242188	
18748	5	p1	0.16958334032646416	0.0019409835763534011	5	419.02813720703125	5	95.116012573242188	
18748	5	p2	1.1432647960173882e-05	1.4138603852281522e-06	5	419.02813720703125	5	95.116012573242188	
18748	5	nlambda	3.9693916732523205	0.030942527948716277	5	419.02813720703125	5	95.116012573242188	
18748	6	p0	-3.4973809656979538	0.42750147445458936	5	633.95098876953125	5	133.90994262695312	
18748	6	p1	0.17249805171697477	0.0017499819829796292	5	633.95098876953125	5	133.90994262695312	
18748	6	p2	1.2018329788320575e-05	1.2536762574433617e-06	5	633.95098876953125	5	133.90994262695312	
18748	6	nlambda	4.0089663914429012	0.031098701387646695	5	633.95098876953125	5	133.90994262695312	
18748	7	p0	-3.6994819812918367	0.48990543244476642	5	373.0379638671875	5	72.205238342285156	
18748	7	p1	0.06920326216509283	0.00099877505341091407	5	373.0379638671875	5	72.205238342285156	
18748	7	p2	2.4230533243407955e-06	3.5245030532364822e-07	5	373.0379638671875	5	72.205238342285156	
18748	7	nlambda	4.4253639227393311	0.036849207004525299	5	373.0379638671875	5	72.205238342285156	
18748	8	PDq1	4	0	5	65.143730163574219	1.7798024077964534e-37	5	
18748	8	PDq2	-0.0033578133597085835	0.00030584106752477451	5	65.143730163574219	1.7798024077964534e-37	5	
18748	8	PDq3	4.9825026894340134e-07	6.8231387985669872e-07	5	65.143730163574219	1.7798024077964534e-37	5	
18748	10	Chisq/nvars	369.30438084562786	34	349	3
18749	0	p0	-3.6111958012577281	0.73486037512453395	5	333.94479370117188	5	64.082191467285156	
18749	0	p1	0.12073054888568707	0.0029130394168890485	5	333.94479370117188	5	64.082191467285156	
18749	0	p2	5.201827244747942e-06	1.867673140528015e-06	5	333.94479370117188	5	64.082191467285156	
18749	0	nlambda	5.0671871284852337	0.072710708530427423	5	333.94479370117188	5	64.082191467285156	
18749	1	p0	-3.0434735177071337	0.82930615213103509	8.1369266510009766	1027.8211669921875	5	132.481689453125	
18749	1	p1	0.23143277722731789	0.0053955914383403761	8.1369266510009766	1027.8211669921875	5	132.481689453125	
18749	1	p2	2.4711619615270893e-05	5.026509379506122e-06	8.1369266510009766	1027.8211669921875	5	132.481689453125	
18749	1	nlambda	5.9142025183942675	0.10014870096365716	8.1369266510009766	1027.8211669921875	5	132.481689453125	
18749	2	p0	-6.1317808564301481	1.1348296380015244	18.662700653076172	1027.8211669921875	5	289.70773315429688	
18749	2	p1	0.29275575877178767	0.0066528535791448183	18.662700653076172	1027.8211669921875	5	289.70773315429688	
18749	2	p2	1.4863138848992684e-05	6.4108277960413455e-06	18.662700653076172	1027.8211669921875	5	289.70773315429688	
18749	2	nlambda	5.4244823801672029	0.084607807121805101	18.662700653076172	1027.8211669921875	5	289.70773315429688	
18749	3	p0	-4.8956627744557126	0.76137908531721676	5	1027.8211669921875	5	162.66061401367188	
18749	3	p1	0.29092866364282349	0.005991499985050993	5	1027.8211669921875	5	162.66061401367188	
18749	3	p2	2.853297463069983e-05	6.8849855106081056e-06	5	1027.8211669921875	5	162.66061401367188	
18749	3	nlambda	4.9174092770044764	0.073975743208122099	5	1027.8211669921875	5	162.66061401367188	
18749	4	p0	-4.9306593906096881	0.72806818633806025	5	574.1812744140625	5	120.20126342773438	
18749	4	p1	0.15656644560297667	0.0027202863715132626	5	574.1812744140625	5	120.20126342773438	
18749	4	p2	9.3808368383113795e-06	1.695035954771016e-06	5	574.1812744140625	5	120.20126342773438	
18749	4	nlambda	4.2598104504304919	0.055810412939235311	5	574.1812744140625	5	120.20126342773438	
18749	5	p0	-2.5797115266001764	0.75270409644010738	5	418.24169921875	5	91.052383422851562	
18749	5	p1	0.16399724474898744	0.0032497467236153343	5	418.24169921875	5	91.052383422851562	
18749	5	p2	1.7080451315841465e-05	2.5155356924202336e-06	5	418.24169921875	5	91.052383422851562	
18749	5	nlambda	3.9514580371651431	0.047983400933930026	5	418.24169921875	5	91.052383422851562	
18749	6	p0	-3.6545488252221725	0.70102147690358652	5	631.616943359375	5	132.481689453125	
18749	6	p1	0.1712496022798442	0.0028098300980260124	5	631.616943359375	5	132.481689453125	
18749	6	p2	1.2563424792692446e-05	1.9932755524959571e-06	5	631.616943359375	5	132.481689453125	
18749	6	nlambda	4.0358126771420748	0.050342676711187168	5	631.616943359375	5	132.481689453125	
18749	7	p0	-1.7919434756460326	0.72761089539843404	5	370.16986083984375	5	74.805572509765625	
18749	7	p1	0.064917050702322565	0.0015041995541625137	5	370.16986083984375	5	74.805572509765625	
18749	7	p2	3.8468998852610885e-06	5.203306839428682e-07	5	370.16986083984375	5	74.805572509765625	
18749	7	nlambda	4.4710755564035898	0.05945531838682306	5	370.16986083984375	5	74.805572509765625	
18749	8	PDq1	4	0	5	64.082191467285156	3.2815943749190004e-38	5	
18749	8	PDq2	-0.0034087957347177737	0.00048703382706485215	5	64.082191467285156	3.2815943749190004e-38	5	
18749	8	PDq3	7.969011483167219e-07	1.0813646516772834e-06	5	64.082191467285156	3.2815943749190004e-38	5	
18749	10	Chisq/nvars	368.47346252232273	34	350	3
18750	0	p0	-2.6777006139966386	0.56351989411902159	5	331.04595947265625	5	60.486351013183594	
18750	0	p1	0.1211234074490003	0.0022643412191088947	5	331.04595947265625	5	60.486351013183594	
18750	0	p2	3.217169115331719e-06	1.4833445033027232e-06	5	331.04595947265625	5	60.486351013183594	
18750	0	nlambda	4.9394865607191134	0.055667619888271597	5	331.04595947265625	5	60.486351013183594	
18750	1	p0	-3.0495100357410103	0.68230808872230431	8.8621511459350586	1024.50341796875	5	132.97108459472656	
18750	1	p1	0.23789357538953873	0.0039547249057894675	8.8621511459350586	1024.50341796875	5	132.97108459472656	
18750	1	p2	1.3419638559446468e-05	3.4304926272706127e-06	8.8621511459350586	1024.50341796875	5	132.97108459472656	
18750	1	nlambda	5.651935859201652	0.073849876275145027	8.8621511459350586	1024.50341796875	5	132.97108459472656	
18750	2	p0	-3.6391018412543468	0.77810557824232784	18.998796463012695	1024.50341796875	5	289.79595947265625	
18750	2	p1	0.28391957727088629	0.0047940489983451986	18.998796463012695	1024.50341796875	5	289.79595947265625	
18750	2	p2	1.5802163341086088e-05	4.7302536322369843e-06	18.998796463012695	1024.50341796875	5	289.79595947265625	
18750	2	nlambda	5.2903781392607518	0.06430912070232056	18.998796463012695	1024.50341796875	5	289.79595947265625	
18750	3	p0	-3.635316540577596	0.7348162473233073	8.8621511459350586	1024.50341796875	5	163.18299865722656	
18750	3	p1	0.28781881820717953	0.0049491330221821212	8.8621511459350586	1024.50341796875	5	163.18299865722656	
18750	3	p2	2.3291898200188764e-05	5.2062087592927815e-06	8.8621511459350586	1024.50341796875	5	163.18299865722656	
18750	3	nlambda	4.8212863186386716	0.057995185137441826	8.8621511459350586	1024.50341796875	5	163.18299865722656	
18750	4	p0	-3.2876735253078389	0.58557302430246405	5	575.951416015625	5	120.31570434570312	
18750	4	p1	0.15288325378682852	0.0021549960898056973	5	575.951416015625	5	120.31570434570312	
18750	4	p2	9.1869944001763712e-06	1.3236858022745641e-06	5	575.951416015625	5	120.31570434570312	
18750	4	nlambda	4.2128411433669415	0.043892781486023047	5	575.951416015625	5	120.31570434570312	
18750	5	p0	-2.9651806344863068	0.61029517162620206	5	417.51129150390625	5	96.257064819335938	
18750	5	p1	0.16919021101909043	0.0024877506741129516	5	417.51129150390625	5	96.257064819335938	
18750	5	p2	9.7063004866272711e-06	1.7406471605594111e-06	5	417.51129150390625	5	96.257064819335938	
18750	5	nlambda	3.9038351913670151	0.03798630229879054	5	417.51129150390625	5	96.257064819335938	
18750	6	p0	-2.8128555335922658	0.58633916332525671	5	575.951416015625	5	132.97108459472656	
18750	6	p1	0.17223452550467652	0.0022528002614575827	5	575.951416015625	5	132.97108459472656	
18750	6	p2	1.031828374706337e-05	1.5170193809742476e-06	5	575.951416015625	5	132.97108459472656	
18750	6	nlambda	3.9099057953041059	0.037904781602306169	5	575.951416015625	5	132.97108459472656	
18750	7	p0	-2.5217622412350096	0.64986378978833159	5	331.04595947265625	5	72.6092529296875	
18750	7	p1	0.067976144722547149	0.0012906440953983065	5	331.04595947265625	5	72.6092529296875	
18750	7	p2	2.5617781752378078e-06	4.4926842605625438e-07	5	331.04595947265625	5	72.6092529296875	
18750	7	nlambda	4.3424943643424356	0.045790079848252244	5	331.04595947265625	5	72.6092529296875	
18750	8	PDq1	4	0	5	60.486351013183594	4.6912378518585646e-38	5	
18750	8	PDq2	-0.0040599010243359997	0.00037518961206852521	5	60.486351013183594	4.6912378518585646e-38	5	
18750	8	PDq3	1.77144355099147e-06	8.4633747927642947e-07	5	60.486351013183594	4.6912378518585646e-38	5	
18750	10	Chisq/nvars	419.16946755783397	34	348	3
18751	0	p0	0	1.4142135623730951	5	0	5	0	
18751	0	p1	1.5	1.4142135623730951	5	0	5	0	
18751	0	p2	-9.9999999999999995e-07	1.4142135623730951	5	0	5	0	
18751	0	nlambda	5	35.355339059327378	5	0	5	0	
18751	1	p0	0	1.4142135623730951	5	0	5	0	
18751	1	p1	1.5	1.4142135623730951	5	0	5	0	
18751	1	p2	-9.9999999999999995e-07	1.4142135623730951	5	0	5	0	
18751	1	nlambda	5	35.355339059327378	5	0	5	0	
18751	2	p0	0	1.4142135623730951	5	0	5	0	
18751	2	p1	1.5	1.4142135623730951	5	0	5	0	
18751	2	p2	-9.9999999999999995e-07	1.4142135623730951	5	0	5	0	
18751	2	nlambda	5	35.355339059327378	5	0	5	0	
18751	3	p0	0	1.4142135623730951	5	0	5	0	
18751	3	p1	1.5	1.4142135623730951	5	0	5	0	
18751	3	p2	-9.9999999999999995e-07	1.4142135623730951	5	0	5	0	
18751	3	nlambda	5	35.355339059327378	5	0	5	0	
18751	4	p0	0	1.4142135623730951	5	0	5	0	
18751	4	p1	0.5	1.4142135623730951	5	0	5	0	
18751	4	p2	-9.9999999999999995e-07	1.4142135623730951	5	0	5	0	
18751	4	nlambda	5	35.355339059327378	5	0	5	0	
18751	5	p0	0	1.4142135623730951	5	0	5	0	
18751	5	p1	0.5	1.4142135623730951	5	0	5	0	
18751	5	p2	-9.9999999999999995e-07	1.4142135623730951	5	0	5	0	
18751	5	nlambda	5	35.355339059327378	5	0	5	0	
18751	6	p0	0	1.4142135623730951	5	0	5	0	
18751	6	p1	0.5	1.4142135623730951	5	0	5	0	
18751	6	p2	-9.9999999999999995e-07	1.4142135623730951	5	0	5	0	
18751	6	nlambda	5	35.355339059327378	5	0	5	0	
18751	7	p0	0	1.4142135623730951	5	0	5	0	
18751	7	p1	0.5	1.4142135623730951	5	0	5	0	
18751	7	p2	-9.9999999999999995e-07	1.4142135623730951	5	0	5	0	
18751	7	nlambda	5	35.355339059327378	5	0	5	0	
18751	8	PDq1	4	0	5	0	3.7594438774863918e-37	5	
18751	8	PDq2	-0.001	1.4142135623730951	5	0	3.7594438774863918e-37	5	
18751	8	PDq3	0	1.4142135623730951	5	0	3.7594438774863918e-37	5	
18751	10	Chisq/nvars	0	34	0	1
18752	0	p0	-3.2771862040564361	0.55253893495021811	5	329.02163696289062	5	51.418594360351562	
18752	0	p1	0.12122177731316837	0.0022886112168917822	5	329.02163696289062	5	51.418594360351562	
18752	0	p2	1.7679883576744645e-06	1.5820676372585444e-06	5	329.02163696289062	5	51.418594360351562	
18752	0	nlambda	5.008286209617089	0.057699316131903801	5	329.02163696289062	5	51.418594360351562	
18752	1	p0	-3.7917039215962638	0.71863107814868288	8.7076740264892578	950.46630859375	5	135.77476501464844	
18752	1	p1	0.23723875857541546	0.0040224216673997743	8.7076740264892578	950.46630859375	5	135.77476501464844	
18752	1	p2	1.3661343276321734e-05	3.4371108692980658e-06	8.7076740264892578	950.46630859375	5	135.77476501464844	
18752	1	nlambda	5.6809325761417453	0.07741016134962167	8.7076740264892578	950.46630859375	5	135.77476501464844	
18752	2	p0	-4.143881780084822	0.74349700979915478	18.726306915283203	1026.329833984375	5	292.49859619140625	
18752	2	p1	0.28400192773902466	0.0044104562394896973	18.726306915283203	1026.329833984375	5	292.49859619140625	
18752	2	p2	1.2996572080231158e-05	4.2622112848465767e-06	18.726306915283203	1026.329833984375	5	292.49859619140625	
18752	2	nlambda	5.3789811619136536	0.067099584287271571	18.726306915283203	1026.329833984375	5	292.49859619140625	
18752	3	p0	-3.5415366634030412	0.71716038446226438	8.7076740264892578	1026.329833984375	5	157.27691650390625	
18752	3	p1	0.28974425915914331	0.004777484781567521	8.7076740264892578	1026.329833984375	5	157.27691650390625	
18752	3	p2	2.0728933106794447e-05	5.065940204734047e-06	8.7076740264892578	1026.329833984375	5	157.27691650390625	
18752	3	nlambda	4.862475815687902	0.058551182470118847	8.7076740264892578	1026.329833984375	5	157.27691650390625	
18752	4	p0	-3.2833808113137795	0.5775678399051335	5	571.960205078125	5	117.92414855957031	
18752	4	p1	0.15287484885643401	0.0021083986685141334	5	571.960205078125	5	117.92414855957031	
18752	4	p2	8.6775139523906407e-06	1.2788552962297856e-06	5	571.960205078125	5	117.92414855957031	
18752	4	nlambda	4.1452718089298033	0.043450702054361322	5	571.960205078125	5	117.92414855957031	
18752	5	p0	-3.1775290656615742	0.58654089116072483	5	415.98770141601562	5	96.75567626953125	
18752	5	p1	0.16651084300414298	0.0023977338231511189	5	415.98770141601562	5	96.75567626953125	
18752	5	p2	1.1989863562855464e-05	1.7472560438192199e-06	5	415.98770141601562	5	96.75567626953125	
18752	5	nlambda	3.9023826109971056	0.038113367560360011	5	415.98770141601562	5	96.75567626953125	
18752	6	p0	-2.571423938820431	0.56701931947416839	5	630.2789306640625	5	135.77476501464844	
18752	6	p1	0.17070588015983104	0.0022000357327878087	5	630.2789306640625	5	135.77476501464844	
18752	6	p2	1.1145986518362139e-05	1.5407063522409795e-06	5	630.2789306640625	5	135.77476501464844	
18752	6	nlambda	3.9490337173812402	0.039345309950104566	5	630.2789306640625	5	135.77476501464844	
18752	7	p0	-3.2837813996716263	0.63496846299743726	5	372.89202880859375	5	74.5552978515625	
18752	7	p1	0.069057060097515763	0.0012441218314233279	5	372.89202880859375	5	74.5552978515625	
18752	7	p2	2.2787957940093604e-06	4.1289304131059857e-07	5	372.89202880859375	5	74.5552978515625	
18752	7	nlambda	4.3377929161953066	0.046052571965005069	5	372.89202880859375	5	74.5552978515625	
18752	8	PDq1	4	0	5	51.418594360351562	5.3997478078864497e-38	5	
18752	8	PDq2	-0.0040810431273418067	0.00037954591355665948	5	51.418594360351562	5.3997478078864497e-38	5	
18752	8	PDq3	1.7762799921001291e-06	8.5517514608394142e-07	5	51.418594360351562	5.3997478078864497e-38	5	
18752	10	Chisq/nvars	463.13980078558052	34	348	3
18753	0	p0	-2.5627109663722458	0.52838615193012295	5	330.11886596679688	5	67.988540649414062	
18753	0	p1	0.11924976190790236	0.0021245240614909222	5	330.11886596679688	5	67.988540649414062	
18753	0	p2	3.7452596147015781e-06	1.2863095082458177e-06	5	330.11886596679688	5	67.988540649414062	
18753	0	nlambda	4.979670105935325	0.057552819269006079	5	330.11886596679688	5	67.988540649414062	
18753	1	p0	-4.5520959530383305	0.72902857464876525	9.47100830078125	1025.83544921875	5	117.66835021972656	
18753	1	p1	0.23877239808479028	0.0042297781651341035	9.47100830078125	1025.83544921875	5	117.66835021972656	
18753	1	p2	1.3762572030738015e-05	3.690234129259017e-06	9.47100830078125	1025.83544921875	5	117.66835021972656	
18753	1	nlambda	5.7273395988813478	0.076707420353790579	9.47100830078125	1025.83544921875	5	117.66835021972656	
18753	2	p0	-4.9696876448976433	0.84962743146486885	18.094188690185547	1025.83544921875	5	289.89407348632812	
18753	2	p1	0.28462898336325021	0.0050362731439878962	18.094188690185547	1025.83544921875	5	289.89407348632812	
18753	2	p2	1.3951184339532328e-05	4.8704795499121355e-06	18.094188690185547	1025.83544921875	5	289.89407348632812	
18753	2	nlambda	5.3119881608072728	0.066532018175996577	18.094188690185547	1025.83544921875	5	289.89407348632812	
18753	3	p0	-4.1047731063185289	0.75721111741997948	9.47100830078125	1025.83544921875	5	162.66593933105469	
18753	3	p1	0.2917013386466254	0.0049135424565914347	9.47100830078125	1025.83544921875	5	162.66593933105469	
18753	3	p2	1.5980737301577091e-05	5.0616123004614154e-06	9.47100830078125	1025.83544921875	5	162.66593933105469	
18753	3	nlambda	4.8868497245844456	0.058767085586434467	9.47100830078125	1025.83544921875	5	162.66593933105469	
18753	4	p0	-3.7559247198263179	0.59006420147031757	5	572.45526123046875	5	117.66835021972656	
18753	4	p1	0.15273459762720404	0.002167098620147231	5	572.45526123046875	5	117.66835021972656	
18753	4	p2	9.1610483766640156e-06	1.338757388246432e-06	5	572.45526123046875	5	117.66835021972656	
18753	4	nlambda	4.2175752405365161	0.044511948083994668	5	572.45526123046875	5	117.66835021972656	
18753	5	p0	-1.6203994345007886	0.59606043534398334	5	418.05987548828125	5	90.414016723632812	
18753	5	p1	0.16196718133469765	0.0025617782211758101	5	418.05987548828125	5	90.414016723632812	
18753	5	p2	1.4649815413994625e-05	1.9584777855593456e-06	5	418.05987548828125	5	90.414016723632812	
18753	5	nlambda	3.9221525894322529	0.038893522961526379	5	418.05987548828125	5	90.414016723632812	
18753	6	p0	-1.9895231411835514	0.55969111445523922	5	572.45526123046875	5	131.63789367675781	
18753	6	p1	0.16812263102219455	0.002234147920045062	5	572.45526123046875	5	131.63789367675781	
18753	6	p2	1.3204376934673335e-05	1.6026874348644408e-06	5	572.45526123046875	5	131.63789367675781	
18753	6	nlambda	3.9597490551937251	0.039286372126950166	5	572.45526123046875	5	131.63789367675781	
18753	7	p0	-3.2074252055638985	0.62068163549110178	5	372.1339111328125	5	76.296112060546875	
18753	7	p1	0.068225720855934147	0.0012299469276744245	5	372.1339111328125	5	76.296112060546875	
18753	7	p2	2.3564523773138674e-06	4.1614301366133849e-07	5	372.1339111328125	5	76.296112060546875	
18753	7	nlambda	4.4071517710301107	0.047278768613204125	5	372.1339111328125	5	76.296112060546875	
18753	8	PDq1	4	0	5	67.988540649414062	2.7391407531989034e-37	5	
18753	8	PDq2	-0.0037984866649969969	0.00039204042567945796	5	67.988540649414062	2.7391407531989034e-37	5	
18753	8	PDq3	1.0761662696172336e-06	8.8508750912398541e-07	5	67.988540649414062	2.7391407531989034e-37	5	
18753	10	Chisq/nvars	481.06032007358476	34	350	3
18754	0	p0	-4.073613696315193	1.0504263059674652	5	329.78289794921875	5	55.322101593017578	
18754	0	p1	0.12400410836480052	0.0048130222450441995	5	329.78289794921875	5	55.322101593017578	
18754	0	p2	2.9663730580442159e-06	3.5310168132336274e-06	5	329.78289794921875	5	55.322101593017578	
18754	0	nlambda	5.3028602210168101	0.14046713923693815	5	329.78289794921875	5	55.322101593017578	
18754	1	p0	-4.9393934425451258	1.1993834152145881	9.4321384429931641	818.9232177734375	5	127.90901184082031	
18754	1	p1	0.24587440245113565	0.0071802875804908269	9.4321384429931641	818.9232177734375	5	127.90901184082031	
18754	1	p2	2.1817203917168668e-05	7.5213142022100633e-06	9.4321384429931641	818.9232177734375	5	127.90901184082031	
18754	1	nlambda	5.8443459728334313	0.1724161658635785	9.4321384429931641	818.9232177734375	5	127.90901184082031	
18754	2	p0	-4.1941192475699411	1.3861457510347148	16.657434463500977	818.9232177734375	5	266.67086791992188	
18754	2	p1	0.27963865390300013	0.0084820090448004329	16.657434463500977	818.9232177734375	5	266.67086791992188	
18754	2	p2	3.6050741166163425e-05	9.9702850625469701e-06	16.657434463500977	818.9232177734375	5	266.67086791992188	
18754	2	nlambda	5.7188866297357386	0.16414708688239918	16.657434463500977	818.9232177734375	5	266.67086791992188	
18754	3	p0	-5.563138621134625	1.3229155556610139	9.4321384429931641	818.9232177734375	5	158.58726501464844	
18754	3	p1	0.29594970944208965	0.0088410920464254798	9.4321384429931641	818.9232177734375	5	158.58726501464844	
18754	3	p2	3.3112661818431835e-05	1.082506319616902e-05	9.4321384429931641	818.9232177734375	5	158.58726501464844	
18754	3	nlambda	5.0843289720191498	0.13632801342169582	9.4321384429931641	818.9232177734375	5	158.58726501464844	
18754	4	p0	-5.8690062909637941	1.0246225385698664	5	567.9254150390625	5	121.60902404785156	
18754	4	p1	0.15419741001054485	0.0038796507146832658	5	567.9254150390625	5	121.60902404785156	
18754	4	p2	1.5697054658130072e-05	3.1678597033862748e-06	5	567.9254150390625	5	121.60902404785156	
18754	4	nlambda	4.4394410836657592	0.10760112668130445	5	567.9254150390625	5	121.60902404785156	
18754	5	p0	-4.8196745963899028	1.1444119141246958	5	415.59185791015625	5	93.373153686523438	
18754	5	p1	0.16668650619370301	0.0049029018653050666	5	415.59185791015625	5	93.373153686523438	
18754	5	p2	1.8330252570007215e-05	4.2954637099115694e-06	5	415.59185791015625	5	93.373153686523438	
18754	5	nlambda	4.1756778045384833	0.096376139410656675	5	415.59185791015625	5	93.373153686523438	
18754	6	p0	-3.6715838433132864	1.0502990837792692	5	567.9254150390625	5	127.90901184082031	
18754	6	p1	0.17586296869204954	0.0040554063451807782	5	567.9254150390625	5	127.90901184082031	
18754	6	p2	1.4083178297206389e-05	3.4439754085335462e-06	5	567.9254150390625	5	127.90901184082031	
18754	6	nlambda	4.1019045033534844	0.093122109779745235	5	567.9254150390625	5	127.90901184082031	
18754	7	p0	-1.9598120495767624	0.97686728566565861	5	366.35031127929688	5	78.016921997070312	
18754	7	p1	0.066157769802056912	0.0020471597300406067	5	366.35031127929688	5	78.016921997070312	
18754	7	p2	4.1455102087057031e-06	7.8034753325667959e-07	5	366.35031127929688	5	78.016921997070312	
18754	7	nlambda	4.6060583497475411	0.11241546743047752	5	366.35031127929688	5	78.016921997070312	
18754	8	PDq1	4	0	5	55.322101593017578	3.4012818551461574e-37	5	
18754	8	PDq2	-0.0007985610901304253	0.0013052957472742754	5	55.322101593017578	3.4012818551461574e-37	5	
18754	8	PDq3	-6.883448420441753e-06	3.4788076312303395e-06	5	55.322101593017578	3.4012818551461574e-37	5	
18754	10	Chisq/nvars	278.11668394667203	34	324	3
18755	0	p0	-4.0694260687371848	0.43736027771697278	5	331.38394165039062	5	64.3671875	
18755	0	p1	0.12269363908171696	0.0017494163227211371	5	331.38394165039062	5	64.3671875	
18755	0	p2	3.5826970742974896e-06	1.107100663670597e-06	5	331.38394165039062	5	64.3671875	
18755	0	nlambda	5.0522043047765495	0.045029128492346977	5	331.38394165039062	5	64.3671875	
18755	1	p0	-4.122084245759436	0.52805455317761796	8.9254322052001953	949.545166015625	5	120.63668060302734	
18755	1	p1	0.23679186633955984	0.0030757281531905096	8.9254322052001953	949.545166015625	5	120.63668060302734	
18755	1	p2	1.7660891310534893e-05	2.7450926922698723e-06	8.9254322052001953	949.545166015625	5	120.63668060302734	
18755	1	nlambda	5.7968891397831914	0.059773200531681676	8.9254322052001953	949.545166015625	5	120.63668060302734	
18755	2	p0	-5.2589100283200061	0.62008751424663988	17.703521728515625	1022.4056396484375	5	270.19448852539062	
18755	2	p1	0.29218566994826151	0.0036689262896444216	17.703521728515625	1022.4056396484375	5	270.19448852539062	
18755	2	p2	1.3403400096680349e-05	3.5715213737720654e-06	17.703521728515625	1022.4056396484375	5	270.19448852539062	
18755	2	nlambda	5.3689637747116876	0.051448837387634692	17.703521728515625	1022.4056396484375	5	270.19448852539062	
18755	3	p0	-6.8467383868403919	0.47105930845576816	5	1022.4056396484375	5	160.93118286132812	
18755	3	p1	0.29275372878158623	0.0035435006633679649	5	1022.4056396484375	5	160.93118286132812	
18755	3	p2	2.1749453259619444e-05	3.993605753578993e-06	5	1022.4056396484375	5	160.93118286132812	
18755	3	nlambda	4.984549259436748	0.047348939486960666	5	1022.4056396484375	5	160.93118286132812	
18755	4	p0	-4.9113193378706885	0.48689851792134875	5	574.5623779296875	5	120.63668060302734	
18755	4	p1	0.15853600429466316	0.0017172638864161218	5	574.5623779296875	5	120.63668060302734	
18755	4	p2	7.8836836944832915e-06	1.0473631472556305e-06	5	574.5623779296875	5	120.63668060302734	
18755	4	nlambda	4.2455716938042105	0.034363398309946204	5	574.5623779296875	5	120.63668060302734	
18755	5	p0	-3.7758911350242097	0.45906410939733838	5	418.1094970703125	5	97.143463134765625	
18755	5	p1	0.1688430138249703	0.0018761288213043192	5	418.1094970703125	5	97.143463134765625	
18755	5	p2	1.1891293585200748e-05	1.3886070414382893e-06	5	418.1094970703125	5	97.143463134765625	
18755	5	nlambda	3.9709486060705088	0.030273130231356239	5	418.1094970703125	5	97.143463134765625	
18755	6	p0	-3.781136706024109	0.43073416960108707	5	630.07562255859375	5	133.96835327148438	
18755	6	p1	0.17346398638173408	0.0017170802106850184	5	630.07562255859375	5	133.96835327148438	
18755	6	p2	1.1533564599819772e-05	1.2249653007327488e-06	5	630.07562255859375	5	133.96835327148438	
18755	6	nlambda	3.9934143068928272	0.030376343077451115	5	630.07562255859375	5	133.96835327148438	
18755	7	p0	-2.8235971120157393	0.46241967139278395	5	370.10714721679688	5	76.375106811523438	
18755	7	p1	0.067746142038768734	0.00093670276406779436	5	370.10714721679688	5	76.375106811523438	
18755	7	p2	2.9550756455304196e-06	3.2128703625459728e-07	5	370.10714721679688	5	76.375106811523438	
18755	7	nlambda	4.4392995620371751	0.036767155610708355	5	370.10714721679688	5	76.375106811523438	
18755	8	PDq1	4	0	5	64.3671875	4.643086994546821e-38	5	
18755	8	PDq2	-0.0032773073873817861	0.00030554773105451167	5	64.3671875	4.643086994546821e-38	5	
18755	8	PDq3	2.5352310799979894e-07	6.8468031586111206e-07	5	64.3671875	4.643086994546821e-38	5	
18755	10	Chisq/nvars	458.97159148022786	34	351	3
18756	0	p0	-2.1688468364101356	0.78364927211849333	5	326.84909057617188	5	68.417716979980469	
18756	0	p1	0.11453606556634949	0.0035761792194573391	5	326.84909057617188	5	68.417716979980469	
18756	0	p2	7.8308618635263947e-06	2.2387226670016437e-06	5	326.84909057617188	5	68.417716979980469	
18756	0	nlambda	5.0708221084154692	0.1033231493314868	5	326.84909057617188	5	68.417716979980469	
18756	1	p0	-4.0787542036167368	0.91606707973276102	5	1032.505859375	5	132.29081726074219	
18756	1	p1	0.23416388410005415	0.0064629737946796662	5	1032.505859375	5	132.29081726074219	
18756	1	p2	1.9138847822680061e-05	6.1240846838133498e-06	5	1032.505859375	5	132.29081726074219	
18756	1	nlambda	5.9644137828621657	0.13568149913418678	5	1032.505859375	5	132.29081726074219	
18756	2	p0	-2.8665881870992602	1.3365857084984212	19.094911575317383	1032.505859375	5	273.84793090820312	
18756	2	p1	0.26783704195718167	0.0083408520627807139	19.094911575317383	1032.505859375	5	273.84793090820312	
18756	2	p2	3.4223733098025577e-05	8.8100585034719376e-06	19.094911575317383	1032.505859375	5	273.84793090820312	
18756	2	nlambda	5.6034315584868564	0.11887586688855545	19.094911575317383	1032.505859375	5	273.84793090820312	
18756	3	p0	-7.2718112045997172	1.0651161142483843	5	1032.505859375	5	163.3115234375	
18756	3	p1	0.29793988172812058	0.0077264385503838205	5	1032.505859375	5	163.3115234375	
18756	3	p2	1.5678016678792863e-05	8.3523649721418105e-06	5	1032.505859375	5	163.3115234375	
18756	3	nlambda	4.9184597399454955	0.098951517212746462	5	1032.505859375	5	163.3115234375	
18756	4	p0	-4.5764700741455977	1.046018658941934	5	573.9757080078125	5	121.47126770019531	
18756	4	p1	0.15764990900239739	0.0038113666786834146	5	573.9757080078125	5	121.47126770019531	
18756	4	p2	8.5599190288626268e-06	2.3712424514398941e-06	5	573.9757080078125	5	121.47126770019531	
18756	4	nlambda	4.2576514295831123	0.074214279194946872	5	573.9757080078125	5	121.47126770019531	
18756	5	p0	-2.7684960760065738	1.0088065513781568	5	416.45703125	5	92.299514770507812	
18756	5	p1	0.16337447254543003	0.004273874766490264	5	416.45703125	5	92.299514770507812	
18756	5	p2	1.7008029758874659e-05	3.3216771290070069e-06	5	416.45703125	5	92.299514770507812	
18756	5	nlambda	3.9531721311236421	0.064395833990508008	5	416.45703125	5	92.299514770507812	
18756	6	p0	-3.6081779929039617	0.93376021840010281	5	626.49273681640625	5	132.29081726074219	
18756	6	p1	0.17382473521399666	0.0038406874262542703	5	626.49273681640625	5	132.29081726074219	
18756	6	p2	1.1245167354283573e-05	2.7515598241003471e-06	5	626.49273681640625	5	132.29081726074219	
18756	6	nlambda	3.9979398334664555	0.0665145528993909	5	626.49273681640625	5	132.29081726074219	
18756	7	p0	-1.958377520951204	0.97688736843444801	5	367.4453125	5	70.911476135253906	
18756	7	p1	0.067301736015391619	0.0020704464205479819	5	367.4453125	5	70.911476135253906	
18756	7	p2	2.914811118761643e-06	7.4963785621664454e-07	5	367.4453125	5	70.911476135253906	
18756	7	nlambda	4.464903051302465	0.07945855046488777	5	367.4453125	5	70.911476135253906	
18756	8	PDq1	4	0	5	68.417716979980469	3.7178129816694587e-38	5	
18756	8	PDq2	-0.0030211918773587476	0.00067010715212066955	5	68.417716979980469	3.7178129816694587e-38	5	
18756	8	PDq3	-5.8910061462634381e-07	1.5092841748457081e-06	5	68.417716979980469	3.7178129816694587e-38	5	
18756	10	Chisq/nvars	370.5059388702216	34	350	3
18757	0	p0	-2.5872756439987055	0.69027477140459359	5	330.440185546875	5	65.722328186035156	
18757	0	p1	0.1243199987971474	0.0027633243219835424	5	330.440185546875	5	65.722328186035156	
18757	0	p2	7.7606739439708943e-07	1.7429988895080116e-06	5	330.440185546875	5	65.722328186035156	
18757	0	nlambda	4.9522240719850137	0.067791041561188189	5	330.440185546875	5	65.722328186035156	
18757	1	p0	-1.9940159636522146	0.75826808445615723	8.7411975860595703	949.52581787109375	5	119.67445373535156	
18757	1	p1	0.23217157460879234	0.0048304522103585967	8.7411975860595703	949.52581787109375	5	119.67445373535156	
18757	1	p2	1.638925835599569e-05	4.310178263853613e-06	8.7411975860595703	949.52581787109375	5	119.67445373535156	
18757	1	nlambda	5.6953628116901109	0.090477410727440005	8.7411975860595703	949.52581787109375	5	119.67445373535156	
18757	2	p0	-3.1328658823253117	0.89505391968980308	16.901582717895508	1027.7279052734375	5	293.1927490234375	
18757	2	p1	0.28141483776433796	0.0055612074339773292	16.901582717895508	1027.7279052734375	5	293.1927490234375	
18757	2	p2	1.6210880812163016e-05	5.4505241987597568e-06	16.901582717895508	1027.7279052734375	5	293.1927490234375	
18757	2	nlambda	5.3547689183714633	0.078161391173762709	16.901582717895508	1027.7279052734375	5	293.1927490234375	
18757	3	p0	-2.7815233731230107	0.93109218901802138	8.7411975860595703	1027.7279052734375	5	163.70750427246094	
18757	3	p1	0.29506578909614756	0.0061035443787233806	8.7411975860595703	1027.7279052734375	5	163.70750427246094	
18757	3	p2	1.5719839305470857e-05	6.2835124573764306e-06	8.7411975860595703	1027.7279052734375	5	163.70750427246094	
18757	3	nlambda	4.8177393392081402	0.068461220314917207	8.7411975860595703	1027.7279052734375	5	163.70750427246094	
18757	4	p0	-3.9746819933284883	0.74419313293898148	5	572.1282958984375	5	119.67445373535156	
18757	4	p1	0.15554736301250063	0.0026359187238070097	5	572.1282958984375	5	119.67445373535156	
18757	4	p2	7.9681216325002252e-06	1.5852425764122159e-06	5	572.1282958984375	5	119.67445373535156	
18757	4	nlambda	4.1483461037068983	0.050828915567986556	5	572.1282958984375	5	119.67445373535156	
18757	5	p0	-4.0429500731438193	0.74257304642177491	5	419.16220092773438	5	96.62933349609375	
18757	5	p1	0.17496674221139064	0.0029122197050490649	5	419.16220092773438	5	96.62933349609375	
18757	5	p2	6.2703544337123762e-06	1.9927239130685481e-06	5	419.16220092773438	5	96.62933349609375	
18757	5	nlambda	3.8360698673212261	0.043537214199437922	5	419.16220092773438	5	96.62933349609375	
18757	6	p0	-2.8239243167399266	0.68711991941650385	5	627.909423828125	5	129.9957275390625	
18757	6	p1	0.17362752880196294	0.0026037288275199571	5	627.909423828125	5	129.9957275390625	
18757	6	p2	8.1806301012698917e-06	1.7166294269017807e-06	5	627.909423828125	5	129.9957275390625	
18757	6	nlambda	3.9284590916317281	0.045004938546701963	5	627.909423828125	5	129.9957275390625	
18757	7	p0	-3.4284703736890476	0.75659466079185556	5	330.440185546875	5	77.797821044921875	
18757	7	p1	0.068628227975119735	0.0014911632751948565	5	330.440185546875	5	77.797821044921875	
18757	7	p2	2.4038925218674895e-06	5.1193983554464039e-07	5	330.440185546875	5	77.797821044921875	
18757	7	nlambda	4.3151285292831645	0.053812080875884703	5	330.440185546875	5	77.797821044921875	
18757	8	PDq1	4	0	5	65.722328186035156	4.2429478996170267e-38	5	
18757	8	PDq2	-0.0039938069423084595	0.00044658187294240536	5	65.722328186035156	4.2429478996170267e-38	5	
18757	8	PDq3	1.5442704260735202e-06	1.0101905273204361e-06	5	65.722328186035156	4.2429478996170267e-38	5	
18757	10	Chisq/nvars	309.88760064912901	34	350	3
18758	0	p0	-3.8193580169262291	0.82083237305339485	5	326.48284912109375	5	53.454200744628906	
18758	0	p1	0.12409777623634102	0.0034336029361592543	5	326.48284912109375	5	53.454200744628906	
18758	0	p2	3.5381146763908087e-06	2.4901693034823184e-06	5	326.48284912109375	5	53.454200744628906	
18758	0	nlambda	5.219081819303808	0.09952589221187684	5	326.48284912109375	5	53.454200744628906	
18758	1	p0	-5.1009867330001279	1.1945683510100653	7.4279236793518066	949.3607177734375	5	132.07295227050781	
18758	1	p1	0.24620960628353525	0.0070966170224695804	7.4279236793518066	949.3607177734375	5	132.07295227050781	
18758	1	p2	1.3357386462989048e-05	6.0895892144165286e-06	7.4279236793518066	949.3607177734375	5	132.07295227050781	
18758	1	nlambda	5.7993106342450407	0.1249363270282742	7.4279236793518066	949.3607177734375	5	132.07295227050781	
18758	2	p0	-5.6469726297483689	1.366428299241556	18.558355331420898	1026.46728515625	5	291.01107788085938	
18758	2	p1	0.29550989505726427	0.0083546192651443724	18.558355331420898	1026.46728515625	5	291.01107788085938	
18758	2	p2	1.6964095087111554e-05	8.3172718726860734e-06	18.558355331420898	1026.46728515625	5	291.01107788085938	
18758	2	nlambda	5.475228579067779	0.11113401843049225	18.558355331420898	1026.46728515625	5	291.01107788085938	
18758	3	p0	-2.6843960907743054	1.1995913135737699	7.4279236793518066	1026.46728515625	5	160.4229736328125	
18758	3	p1	0.29086952270237881	0.0082340398189853798	7.4279236793518066	1026.46728515625	5	160.4229736328125	
18758	3	p2	2.9565942326405355e-05	8.7223240118123337e-06	7.4279236793518066	1026.46728515625	5	160.4229736328125	
18758	3	nlambda	4.9695363171346791	0.099404391653223387	7.4279236793518066	1026.46728515625	5	160.4229736328125	
18758	4	p0	-6.4905842515968448	0.92535971395235361	5	522.6046142578125	5	122.19340515136719	
18758	4	p1	0.16020376777876758	0.0036615480551279076	5	522.6046142578125	5	122.19340515136719	
18758	4	p2	9.5692046650385782e-06	2.3525622134710089e-06	5	522.6046142578125	5	122.19340515136719	
18758	4	nlambda	4.3151430475755497	0.074293245318794512	5	522.6046142578125	5	122.19340515136719	
18758	5	p0	-3.7611338058707382	0.95954393541941096	5	417.1480712890625	5	95.300125122070312	
18758	5	p1	0.16671183022795727	0.0042348233990821349	5	417.1480712890625	5	95.300125122070312	
18758	5	p2	1.6897956423069257e-05	3.1502077962902149e-06	5	417.1480712890625	5	95.300125122070312	
18758	5	nlambda	4.0414668052874916	0.066424361562123946	5	417.1480712890625	5	95.300125122070312	
18758	6	p0	-4.5564470789671514	0.76803524610504592	5	629.64166259765625	5	132.07295227050781	
18758	6	p1	0.17590802816868298	0.0022866870427595645	5	629.64166259765625	5	132.07295227050781	
18758	6	p2	1.2313512685996244e-05	2.0318297605726342e-06	5	629.64166259765625	5	132.07295227050781	
18758	6	nlambda	4.0505486714086993	0.063411576942443995	5	629.64166259765625	5	132.07295227050781	
18758	7	p0	-6.5019147545113949	0.84390571802790004	5	367.84371948242188	5	75.578384399414062	
18758	7	p1	0.073922660319188038	0.00090369196029410821	5	367.84371948242188	5	75.578384399414062	
18758	7	p2	1.3079795867511893e-06	1.1664316388473276e-07	5	367.84371948242188	5	75.578384399414062	
18758	7	nlambda	4.5082806288681052	0.072095925840031966	5	367.84371948242188	5	75.578384399414062	
18758	8	PDq1	4	0	5	53.454200744628906	1.4178073296888435e-37	5	
18758	8	PDq2	-0.0024047488802434853	0.00066644635100831216	5	53.454200744628906	1.4178073296888435e-37	5	
18758	8	PDq3	-1.5159592379467889e-06	1.4874841291457706e-06	5	53.454200744628906	1.4178073296888435e-37	5	
18758	10	Chisq/nvars	380.86692775828129	34	348	3
18759	0	p0	-1.0625669920112391	0.66013045252284563	5	329.76815795898438	5	63.478164672851562	
18759	0	p1	0.12064791238203841	0.0027814415541769872	5	329.76815795898438	5	63.478164672851562	
18759	0	p2	2.9322662795461139e-06	1.7911160743981023e-06	5	329.76815795898438	5	63.478164672851562	
18759	0	nlambda	4.8400917445536331	0.065741199310416831	5	329.76815795898438	5	63.478164672851562	
18759	1	p0	-3.8877605966058733	0.87209777757758145	9.343287467956543	952.0296630859375	5	130.77349853515625	
18759	1	p1	0.24407321305622603	0.0049320621400868493	9.343287467956543	952.0296630859375	5	130.77349853515625	
18759	1	p2	7.3470305304243581e-06	4.2814900422353401e-06	9.343287467956543	952.0296630859375	5	130.77349853515625	
18759	1	nlambda	5.4891672746944398	0.0854421228212036	9.343287467956543	952.0296630859375	5	130.77349853515625	
18759	2	p0	-4.2484931864858728	0.9568987265999781	18.354667663574219	1022.014404296875	5	269.23345947265625	
18759	2	p1	0.29288976686071505	0.0057193548208598483	18.354667663574219	1022.014404296875	5	269.23345947265625	
18759	2	p2	2.57706015771801e-06	5.5049000877716796e-06	18.354667663574219	1022.014404296875	5	269.23345947265625	
18759	2	nlambda	5.1912318754600282	0.075537607795208767	18.354667663574219	1022.014404296875	5	269.23345947265625	
18759	3	p0	-1.3701849100974131	0.83789069610276468	9.343287467956543	1022.014404296875	5	161.79837036132812	
18759	3	p1	0.28520251515694411	0.005886473797072243	9.343287467956543	1022.014404296875	5	161.79837036132812	
18759	3	p2	2.002283551005929e-05	6.3774067843535136e-06	9.343287467956543	1022.014404296875	5	161.79837036132812	
18759	3	nlambda	4.7507917458612212	0.067466834591148661	9.343287467956543	1022.014404296875	5	161.79837036132812	
18759	4	p0	-2.7309152358418274	0.71071486171452269	5	572.68310546875	5	119.67697143554688	
18759	4	p1	0.15284168612604723	0.0026267306014745276	5	572.68310546875	5	119.67697143554688	
18759	4	p2	7.7169258220811987e-06	1.5971395673972625e-06	5	572.68310546875	5	119.67697143554688	
18759	4	nlambda	4.0834773716325889	0.050214351158582096	5	572.68310546875	5	119.67697143554688	
18759	5	p0	-2.9694134548044095	0.72224179956042822	5	419.54302978515625	5	95.353485107421875	
18759	5	p1	0.16942697716499505	0.0029243331170938796	5	419.54302978515625	5	95.353485107421875	
18759	5	p2	7.8632108919147229e-06	2.0875554521399323e-06	5	419.54302978515625	5	95.353485107421875	
18759	5	nlambda	3.8308224652535654	0.044149097544933992	5	419.54302978515625	5	95.353485107421875	
18759	6	p0	-2.6913829610042184	0.71944342708028863	5	572.68310546875	5	130.77349853515625	
18759	6	p1	0.17329467962796988	0.0026997211233369726	5	572.68310546875	5	130.77349853515625	
18759	6	p2	6.412187074142773e-06	1.7943576324806865e-06	5	572.68310546875	5	130.77349853515625	
18759	6	nlambda	3.8575443128980464	0.044579889127503693	5	572.68310546875	5	130.77349853515625	
18759	7	p0	-3.4714570411980126	0.77535272435554636	5	368.38983154296875	5	77.562828063964844	
18759	7	p1	0.071067246018946553	0.0015148688694816793	5	368.38983154296875	5	77.562828063964844	
18759	7	p2	1.3558506513677011e-06	4.923817631120513e-07	5	368.38983154296875	5	77.562828063964844	
18759	7	nlambda	4.2275326466269094	0.052542832910557689	5	368.38983154296875	5	77.562828063964844	
18759	8	PDq1	4	0	5	63.478164672851562	2.9900023253211036e-37	5	
18759	8	PDq2	-0.0048770104580508318	0.00042918634271895068	5	63.478164672851562	2.9900023253211036e-37	5	
18759	8	PDq3	3.6295541767524593e-06	9.6864991124823765e-07	5	63.478164672851562	2.9900023253211036e-37	5	
18759	10	Chisq/nvars	371.4257457172813	34	350	3
18760	0	p0	0	1.4142135623730951	5	0	5	0	
18760	0	p1	1.5	1.4142135623730951	5	0	5	0	
18760	0	p2	-9.9999999999999995e-07	1.4142135623730951	5	0	5	0	
18760	0	nlambda	5	35.355339059327378	5	0	5	0	
18760	1	p0	0	1.4142135623730951	5	0	5	0	
18760	1	p1	1.5	1.4142135623730951	5	0	5	0	
18760	1	p2	-9.9999999999999995e-07	1.4142135623730951	5	0	5	0	
18760	1	nlambda	5	35.355339059327378	5	0	5	0	
18760	2	p0	0	1.4142135623730951	5	0	5	0	
18760	2	p1	1.5	1.4142135623730951	5	0	5	0	
18760	2	p2	-9.9999999999999995e-07	1.4142135623730951	5	0	5	0	
18760	2	nlambda	5	35.355339059327378	5	0	5	0	
18760	3	p0	0	1.4142135623730951	5	0	5	0	
18760	3	p1	1.5	1.4142135623730951	5	0	5	0	
18760	3	p2	-9.9999999999999995e-07	1.4142135623730951	5	0	5	0	
18760	3	nlambda	5	35.355339059327378	5	0	5	0	
18760	4	p0	0	1.4142135623730951	5	0	5	0	
18760	4	p1	0.5	1.4142135623730951	5	0	5	0	
18760	4	p2	-9.9999999999999995e-07	1.4142135623730951	5	0	5	0	
18760	4	nlambda	5	35.355339059327378	5	0	5	0	
18760	5	p0	0	1.4142135623730951	5	0	5	0	
18760	5	p1	0.5	1.4142135623730951	5	0	5	0	
18760	5	p2	-9.9999999999999995e-07	1.4142135623730951	5	0	5	0	
18760	5	nlambda	5	35.355339059327378	5	0	5	0	
18760	6	p0	0	1.4142135623730951	5	0	5	0	
18760	6	p1	0.5	1.4142135623730951	5	0	5	0	
18760	6	p2	-9.9999999999999995e-07	1.4142135623730951	5	0	5	0	
18760	6	nlambda	5	35.355339059327378	5	0	5	0	
18760	7	p0	0	1.4142135623730951	5	0	5	0	
18760	7	p1	0.5	1.4142135623730951	5	0	5	0	
18760	7	p2	-9.9999999999999995e-07	1.4142135623730951	5	0	5	0	
18760	7	nlambda	5	35.355339059327378	5	0	5	0	
18760	8	PDq1	4	0	5	0	2.3911882551581082e-37	5	
18760	8	PDq2	-0.001	1.4142135623730951	5	0	2.3911882551581082e-37	5	
18760	8	PDq3	0	1.4142135623730951	5	0	2.3911882551581082e-37	5	
18760	10	Chisq/nvars	0	34	0	1
18761	0	p0	0	1.4142135623730951	5	0	5	0	
18761	0	p1	1.5	1.4142135623730951	5	0	5	0	
18761	0	p2	-9.9999999999999995e-07	1.4142135623730951	5	0	5	0	
18761	0	nlambda	5	35.355339059327378	5	0	5	0	
18761	1	p0	0	1.4142135623730951	5	0	5	0	
18761	1	p1	1.5	1.4142135623730951	5	0	5	0	
18761	1	p2	-9.9999999999999995e-07	1.4142135623730951	5	0	5	0	
18761	1	nlambda	5	35.355339059327378	5	0	5	0	
18761	2	p0	0	1.4142135623730951	5	0	5	0	
18761	2	p1	1.5	1.4142135623730951	5	0	5	0	
18761	2	p2	-9.9999999999999995e-07	1.4142135623730951	5	0	5	0	
18761	2	nlambda	5	35.355339059327378	5	0	5	0	
18761	3	p0	0	1.4142135623730951	5	0	5	0	
18761	3	p1	1.5	1.4142135623730951	5	0	5	0	
18761	3	p2	-9.9999999999999995e-07	1.4142135623730951	5	0	5	0	
18761	3	nlambda	5	35.355339059327378	5	0	5	0	
18761	4	p0	0	1.4142135623730951	5	0	5	0	
18761	4	p1	0.5	1.4142135623730951	5	0	5	0	
18761	4	p2	-9.9999999999999995e-07	1.4142135623730951	5	0	5	0	
18761	4	nlambda	5	35.355339059327378	5	0	5	0	
18761	5	p0	0	1.4142135623730951	5	0	5	0	
18761	5	p1	0.5	1.4142135623730951	5	0	5	0	
18761	5	p2	-9.9999999999999995e-07	1.4142135623730951	5	0	5	0	
18761	5	nlambda	5	35.355339059327378	5	0	5	0	
18761	6	p0	0	1.4142135623730951	5	0	5	0	
18761	6	p1	0.5	1.4142135623730951	5	0	5	0	
18761	6	p2	-9.9999999999999995e-07	1.4142135623730951	5	0	5	0	
18761	6	nlambda	5	35.355339059327378	5	0	5	0	
18761	7	p0	0	1.4142135623730951	5	0	5	0	
18761	7	p1	0.5	1.4142135623730951	5	0	5	0	
18761	7	p2	-9.9999999999999995e-07	1.4142135623730951	5	0	5	0	
18761	7	nlambda	5	35.355339059327378	5	0	5	0	
18761	8	PDq1	4	0	5	0	6.1753900497044366e-38	5	
18761	8	PDq2	-0.001	1.4142135623730951	5	0	6.1753900497044366e-38	5	
18761	8	PDq3	0	1.4142135623730951	5	0	6.1753900497044366e-38	5	
18761	10	Chisq/nvars	0	34	0	1
18762	0	p0	-1.7327625632236867	0.52562043235700939	5	331.09246826171875	5	63.126960754394531	
18762	0	p1	0.11683931164588472	0.0022365133677448704	5	331.09246826171875	5	63.126960754394531	
18762	0	p2	7.1001042555416453e-06	1.4764329731318903e-06	5	331.09246826171875	5	63.126960754394531	
18762	0	nlambda	5.2006423600605096	0.063433616526718681	5	331.09246826171875	5	63.126960754394531	
18762	1	p0	-3.4017471682259655	0.64474596807174367	9.0481643676757812	1026.8714599609375	5	132.73484802246094	
18762	1	p1	0.23750970728717741	0.0040820735179430915	9.0481643676757812	1026.8714599609375	5	132.73484802246094	
18762	1	p2	2.0704635927894989e-05	3.7852637397006371e-06	9.0481643676757812	1026.8714599609375	5	132.73484802246094	
18762	1	nlambda	5.8852265140414044	0.081332090742789742	9.0481643676757812	1026.8714599609375	5	132.73484802246094	
18762	2	p0	-3.9345848493322388	0.84431155770812405	17.88807487487793	1026.8714599609375	5	291.3931884765625	
18762	2	p1	0.28588826647426102	0.0051553160970267183	17.88807487487793	1026.8714599609375	5	291.3931884765625	
18762	2	p2	2.3263779225713106e-05	5.1322687616732002e-06	17.88807487487793	1026.8714599609375	5	291.3931884765625	
18762	2	nlambda	5.412743284197961	0.069901470639518154	17.88807487487793	1026.8714599609375	5	291.3931884765625	
18762	3	p0	-4.8237904736185735	0.77043938752515684	9.0481643676757812	1026.8714599609375	5	161.23410034179688	
18762	3	p1	0.29749827965673814	0.0050209820053712826	9.0481643676757812	1026.8714599609375	5	161.23410034179688	
18762	3	p2	2.2276356394474538e-05	5.3339404789237491e-06	9.0481643676757812	1026.8714599609375	5	161.23410034179688	
18762	3	nlambda	4.9933751871323153	0.062755908449751097	9.0481643676757812	1026.8714599609375	5	161.23410034179688	
18762	4	p0	-5.290908678539326	0.6078744415163726	5	572.507080078125	5	117.26280212402344	
18762	4	p1	0.15845945231220745	0.0022512822431425021	5	572.507080078125	5	117.26280212402344	
18762	4	p2	9.5981364090657212e-06	1.424823855037216e-06	5	572.507080078125	5	117.26280212402344	
18762	4	nlambda	4.2633347318118107	0.04661411317107185	5	572.507080078125	5	117.26280212402344	
18762	5	p0	-4.696435972048782	0.60992113550971283	5	419.17303466796875	5	94.81402587890625	
18762	5	p1	0.16903875136923982	0.0025895365463928883	5	419.17303466796875	5	94.81402587890625	
18762	5	p2	1.3774440472068783e-05	1.9212543980746656e-06	5	419.17303466796875	5	94.81402587890625	
18762	5	nlambda	4.0332998731626031	0.041813845796143757	5	419.17303466796875	5	94.81402587890625	
18762	6	p0	-3.2143864955351282	0.55888783639094108	5	572.507080078125	5	132.73484802246094	
18762	6	p1	0.17021994565715881	0.0022697873811329422	5	572.507080078125	5	132.73484802246094	
18762	6	p2	1.4183138709384803e-05	1.6512001598255444e-06	5	572.507080078125	5	132.73484802246094	
18762	6	nlambda	4.0363850973703821	0.041454032628725934	5	572.507080078125	5	132.73484802246094	
18762	7	p0	-3.1005396977343573	0.62753548037541229	5	371.38558959960938	5	73.573532104492188	
18762	7	p1	0.067498453319185747	0.00127400080103355	5	371.38558959960938	5	73.573532104492188	
18762	7	p2	3.3049344572205249e-06	4.3759619611396878e-07	5	371.38558959960938	5	73.573532104492188	
18762	7	nlambda	4.4733274227664586	0.04983853777750917	5	371.38558959960938	5	73.573532104492188	
18762	8	PDq1	4	0	5	63.126960754394531	3.7982721763746753e-38	5	
18762	8	PDq2	-0.0025591190564796767	0.00042372278880552504	5	63.126960754394531	3.7982721763746753e-38	5	
18762	8	PDq3	-1.5901359647666906e-06	9.5127407081773383e-07	5	63.126960754394531	3.7982721763746753e-38	5	
18762	10	Chisq/nvars	388.16524764432694	34	350	3
18763	0	p0	-2.2378528535128184	0.47315773278307166	5	330.08334350585938	5	65.101852416992188	
18763	0	p1	0.12293151012038993	0.0019678275058871392	5	330.08334350585938	5	65.101852416992188	
18763	0	p2	2.1520792885030871e-06	1.2463594172206314e-06	5	330.08334350585938	5	65.101852416992188	
18763	0	nlambda	4.9043319496578173	0.048164843535672366	5	330.08334350585938	5	65.101852416992188	
18763	1	p0	-2.5759520020556579	0.61773422400294853	8.8438491821289062	954.200439453125	5	132.79812622070312	
18763	1	p1	0.23560362200249296	0.0035696174100739845	8.8438491821289062	954.200439453125	5	132.79812622070312	
18763	1	p2	1.531378205814297e-05	3.1489511229778332e-06	8.8438491821289062	954.200439453125	5	132.79812622070312	
18763	1	nlambda	5.5807839503039673	0.062913509037011497	8.8438491821289062	954.200439453125	5	132.79812622070312	
18763	2	p0	-4.0530564670687621	0.7059321525783071	18.68829345703125	1026.7919921875	5	292.1328125	
18763	2	p1	0.29159472796563174	0.0041651690674444977	18.68829345703125	1026.7919921875	5	292.1328125	
18763	2	p2	7.076571755890586e-06	4.0006893695428045e-06	18.68829345703125	1026.7919921875	5	292.1328125	
18763	2	nlambda	5.2456987635939125	0.054728282116222764	18.68829345703125	1026.7919921875	5	292.1328125	
18763	3	p0	-2.6607501460049057	0.6601652660948869	8.8438491821289062	1026.7919921875	5	160.35707092285156	
18763	3	p1	0.29440129541208421	0.0042576755482808615	8.8438491821289062	1026.7919921875	5	160.35707092285156	
18763	3	p2	1.4808615332156178e-05	4.3996810949360474e-06	8.8438491821289062	1026.7919921875	5	160.35707092285156	
18763	3	nlambda	4.7763878049458004	0.049228544504815355	8.8438491821289062	1026.7919921875	5	160.35707092285156	
18763	4	p0	-4.467065075345162	0.507724888809167	5	571.4803466796875	5	120.92694091796875	
18763	4	p1	0.15874422974049529	0.001830509669536462	5	571.4803466796875	5	120.92694091796875	
18763	4	p2	5.2609345781786907e-06	1.0959659340685106e-06	5	571.4803466796875	5	120.92694091796875	
18763	4	nlambda	4.1323932465851421	0.036738196905613002	5	571.4803466796875	5	120.92694091796875	
18763	5	p0	-3.1792074260995586	0.52956277402036611	5	415.6229248046875	5	95.76116943359375	
18763	5	p1	0.16974838018280031	0.0021244756742062631	5	415.6229248046875	5	95.76116943359375	
18763	5	p2	8.3213976097812835e-06	1.4897517816043004e-06	5	415.6229248046875	5	95.76116943359375	
18763	5	nlambda	3.8450061452529094	0.032094341285117012	5	415.6229248046875	5	95.76116943359375	
18763	6	p0	-2.5290768735013991	0.49413352571166314	5	628.04833984375	5	132.79812622070312	
18763	6	p1	0.17073749019735845	0.0019310721146885089	5	628.04833984375	5	132.79812622070312	
18763	6	p2	9.7405492640455976e-06	1.315237046965528e-06	5	628.04833984375	5	132.79812622070312	
18763	6	nlambda	3.9004686743699954	0.032541886635211778	5	628.04833984375	5	132.79812622070312	
18763	7	p0	-2.7693105700416956	0.54161055108420164	5	370.67538452148438	5	74.228897094726562	
18763	7	p1	0.070088464906027548	0.0010599879357496283	5	370.67538452148438	5	74.228897094726562	
18763	7	p2	1.5856771352658117e-06	3.5205970184814718e-07	5	370.67538452148438	5	74.228897094726562	
18763	7	nlambda	4.2624911648819701	0.038421059382845298	5	370.67538452148438	5	74.228897094726562	
18763	8	PDq1	4	0	5	65.101852416992188	2.9980343439108592e-38	5	
18763	8	PDq2	-0.0042173395623806157	0.00032369322592243246	5	65.101852416992188	2.9980343439108592e-38	5	
18763	8	PDq3	1.8696528061804701e-06	7.3368104842127812e-07	5	65.101852416992188	2.9980343439108592e-38	5	
18763	10	Chisq/nvars	360.16285400506649	34	350	3
18764	0	p0	-2.5444023039494481	0.50415234387967744	5	329.21728515625	5	64.384857177734375	
18764	0	p1	0.12101061456702331	0.002152377338800757	5	329.21728515625	5	64.384857177734375	
18764	0	p2	3.6021317996767307e-06	1.4166818849764666e-06	5	329.21728515625	5	64.384857177734375	
18764	0	nlambda	5.0741291757776557	0.059490018224784807	5	329.21728515625	5	64.384857177734375	
18764	1	p0	-3.0300267468415281	0.70934006864388677	8.5812969207763672	1024.0511474609375	5	130.53605651855469	
18764	1	p1	0.24005670585930891	0.0041632563242324149	8.5812969207763672	1024.0511474609375	5	130.53605651855469	
18764	1	p2	1.5724987046867357e-05	3.7764687372212511e-06	8.5812969207763672	1024.0511474609375	5	130.53605651855469	
18764	1	nlambda	5.726113916353226	0.076243239372092972	8.5812969207763672	1024.0511474609375	5	130.53605651855469	
18764	2	p0	-5.0590955231447525	0.79504391053953338	18.983329772949219	1024.0511474609375	5	290.34970092773438	
18764	2	p1	0.29085291431628074	0.0047061740263425562	18.983329772949219	1024.0511474609375	5	290.34970092773438	
18764	2	p2	1.1274441121374597e-05	4.6023988684043209e-06	18.983329772949219	1024.0511474609375	5	290.34970092773438	
18764	2	nlambda	5.4115140451230097	0.067623897450671988	18.983329772949219	1024.0511474609375	5	290.34970092773438	
18764	3	p0	-2.5574249249105505	0.75509039365628028	8.5812969207763672	1024.0511474609375	5	162.69473266601562	
18764	3	p1	0.28634741627121918	0.0048814274261967669	8.5812969207763672	1024.0511474609375	5	162.69473266601562	
18764	3	p2	2.5812976145428296e-05	5.0974954601079475e-06	8.5812969207763672	1024.0511474609375	5	162.69473266601562	
18764	3	nlambda	5.0176793088248646	0.06149922525707438	8.5812969207763672	1024.0511474609375	5	162.69473266601562	
18764	4	p0	-4.7290829030625092	0.59980629613102043	5	575.08258056640625	5	117.02174377441406	
18764	4	p1	0.15669019707200635	0.0021814630016333599	5	575.08258056640625	5	117.02174377441406	
18764	4	p2	8.3919774411079782e-06	1.3507585196617479e-06	5	575.08258056640625	5	117.02174377441406	
18764	4	nlambda	4.2297452998066802	0.044292322610497474	5	575.08258056640625	5	117.02174377441406	
18764	5	p0	-3.8343666770953524	0.45137140468850534	5	418.3880615234375	5	96.6710205078125	
18764	5	p1	0.16783924370694095	0.00099652029952313967	5	418.3880615234375	5	96.6710205078125	
18764	5	p2	1.2521012741390734e-05	1.11829086976081e-06	5	418.3880615234375	5	96.6710205078125	
18764	5	nlambda	3.9606077771654107	0.037566597870022853	5	418.3880615234375	5	96.6710205078125	
18764	6	p0	-3.1427648853415189	0.54468088463796416	5	627.9664306640625	5	130.53605651855469	
18764	6	p1	0.16885443541931802	0.0022372291078442334	5	627.9664306640625	5	130.53605651855469	
18764	6	p2	1.2729879697247223e-05	1.5953005308357784e-06	5	627.9664306640625	5	130.53605651855469	
18764	6	nlambda	4.0599522675491748	0.041267913238784565	5	627.9664306640625	5	130.53605651855469	
18764	7	p0	-3.3253775567995265	0.59367629286812695	5	373.0836181640625	5	74.255271911621094	
18764	7	p1	0.068442932857209982	0.0012132555495443836	5	373.0836181640625	5	74.255271911621094	
18764	7	p2	2.5415094718337772e-06	4.148191336914522e-07	5	373.0836181640625	5	74.255271911621094	
18764	7	nlambda	4.436780475838038	0.047669821048207738	5	373.0836181640625	5	74.255271911621094	
18764	8	PDq1	4	0	5	64.384857177734375	8.1089039128573621e-38	5	
18764	8	PDq2	-0.0032981359806623619	0.00040191779721904366	5	64.384857177734375	8.1089039128573621e-38	5	
18764	8	PDq3	7.6170927366697756e-08	9.0590469207836045e-07	5	64.384857177734375	8.1089039128573621e-38	5	
18764	10	Chisq/nvars	339.54625073609907	34	350	3
18765	0	p0	-2.387785134861343	0.63382022084436851	5	331.85757446289062	5	64.911865234375	
18765	0	p1	0.1188326037231925	0.0026883649624670643	5	331.85757446289062	5	64.911865234375	
18765	0	p2	5.76604085135307e-06	1.7749388402437496e-06	5	331.85757446289062	5	64.911865234375	
18765	0	nlambda	5.0639993427597041	0.072244625544079427	5	331.85757446289062	5	64.911865234375	
18765	1	p0	-4.2148690810851273	0.88718126878371262	8.979736328125	950.502685546875	5	134.4959716796875	
18765	1	p1	0.23953864361504543	0.0051149891390432694	8.979736328125	950.502685546875	5	134.4959716796875	
18765	1	p2	1.6530218527196382e-05	4.5799365525052124e-06	8.979736328125	950.502685546875	5	134.4959716796875	
18765	1	nlambda	5.8114115994492224	0.095916317423733521	8.979736328125	950.502685546875	5	134.4959716796875	
18765	2	p0	-3.7424841269460121	0.9814433542275246	18.30906867980957	1024.16552734375	5	268.70269775390625	
18765	2	p1	0.28567231323262759	0.0059247149833572856	18.30906867980957	1024.16552734375	5	268.70269775390625	
18765	2	p2	1.8079691245229839e-05	5.952167440896985e-06	18.30906867980957	1024.16552734375	5	268.70269775390625	
18765	2	nlambda	5.3210293342743293	0.081121331877646807	18.30906867980957	1024.16552734375	5	268.70269775390625	
18765	3	p0	-3.3748860112332721	0.93115703730308652	8.979736328125	1024.16552734375	5	156.52993774414062	
18765	3	p1	0.28916575949231216	0.0060301467279882679	8.979736328125	1024.16552734375	5	156.52993774414062	
18765	3	p2	2.5936627006249594e-05	6.4297601457122484e-06	8.979736328125	1024.16552734375	5	156.52993774414062	
18765	3	nlambda	4.9723315489526581	0.074175337304044867	8.979736328125	1024.16552734375	5	156.52993774414062	
18765	4	p0	-3.5889675738201898	0.69558176766963165	5	577.1553955078125	5	116.94271087646484	
18765	4	p1	0.15185255061721536	0.0026305834613563682	5	577.1553955078125	5	116.94271087646484	
18765	4	p2	1.1854972851702558e-05	1.6616642851843743e-06	5	577.1553955078125	5	116.94271087646484	
18765	4	nlambda	4.2568301565968865	0.055066496708679413	5	577.1553955078125	5	116.94271087646484	
18765	5	p0	-2.8494254482641335	0.72256513807873946	5	419.20266723632812	5	95.668800354003906	
18765	5	p1	0.16599846870068435	0.0029808970966411744	5	419.20266723632812	5	95.668800354003906	
18765	5	p2	1.3139222581194213e-05	2.1727486959874008e-06	5	419.20266723632812	5	95.668800354003906	
18765	5	nlambda	3.9659890871753589	0.048160631417297498	5	419.20266723632812	5	95.668800354003906	
18765	6	p0	-3.0539278068894964	0.69152611833476108	5	625.73333740234375	5	134.4959716796875	
18765	6	p1	0.16990730158296713	0.0027314712533951886	5	625.73333740234375	5	134.4959716796875	
18765	6	p2	1.2279482926238167e-05	1.9391041495459025e-06	5	625.73333740234375	5	134.4959716796875	
18765	6	nlambda	4.0125680613916241	0.049760219666835422	5	625.73333740234375	5	134.4959716796875	
18765	7	p0	-3.0823101067445244	0.7468732683514403	5	371.49920654296875	5	76.774627685546875	
18765	7	p1	0.068844950440465513	0.00149247970311824	5	371.49920654296875	5	76.774627685546875	
18765	7	p2	2.4394876865820426e-06	5.1526615598670657e-07	5	371.49920654296875	5	76.774627685546875	
18765	7	nlambda	4.3884899418778556	0.057711152761809978	5	371.49920654296875	5	76.774627685546875	
18765	8	PDq1	4	0	5	64.911865234375	9.1260268743579731e-38	5	
18765	8	PDq2	-0.0034933213098330778	0.00049762665390936072	5	64.911865234375	9.1260268743579731e-38	5	
18765	8	PDq3	8.4038994866501996e-07	1.1191937996490249e-06	5	64.911865234375	9.1260268743579731e-38	5	
18765	10	Chisq/nvars	338.98572383203305	34	350	3
18766	0	p0	-2.2039348085377788	0.54639631941879296	5	328.04766845703125	5	60.504478454589844	
18766	0	p1	0.11856504640955351	0.0023857149446137563	5	328.04766845703125	5	60.504478454589844	
18766	0	p2	5.8633151443977397e-06	1.6282010799515531e-06	5	328.04766845703125	5	60.504478454589844	
18766	0	nlambda	5.1211265401423622	0.062763206605010197	5	328.04766845703125	5	60.504478454589844	
18766	1	p0	-4.2452543084525551	0.75331970179756613	10.118239402770996	952.203857421875	5	133.25738525390625	
18766	1	p1	0.24225796264145324	0.0043086214386172852	10.118239402770996	952.203857421875	5	133.25738525390625	
18766	1	p2	1.6010732335901554e-05	3.8684611209805405e-06	10.118239402770996	952.203857421875	5	133.25738525390625	
18766	1	nlambda	5.7812704985445471	0.080455552328650579	10.118239402770996	952.203857421875	5	133.25738525390625	
18766	2	p0	-5.0934267940600808	0.83806934341478634	17.669412612915039	1025.4298095703125	5	272.44393920898438	
18766	2	p1	0.28409252454447043	0.0051980007665025502	17.669412612915039	1025.4298095703125	5	272.44393920898438	
18766	2	p2	2.2125279487977733e-05	5.2432711627515415e-06	17.669412612915039	1025.4298095703125	5	272.44393920898438	
18766	2	nlambda	5.5449292166215631	0.073350915851288584	17.669412612915039	1025.4298095703125	5	272.44393920898438	
18766	3	p0	-4.899883972720037	0.76808783713267981	10.118239402770996	1025.4298095703125	5	160.01779174804688	
18766	3	p1	0.30164277747595369	0.0051061661959904553	10.118239402770996	1025.4298095703125	5	160.01779174804688	
18766	3	p2	1.5141834552552579e-05	5.3836447692606825e-06	10.118239402770996	1025.4298095703125	5	160.01779174804688	
18766	3	nlambda	4.971347387387449	0.062817132237298443	10.118239402770996	1025.4298095703125	5	160.01779174804688	
18766	4	p0	-4.9344972505468068	0.58519374770057397	5	574.0540771484375	5	121.79086303710938	
18766	4	p1	0.15699572333330394	0.002220950280059566	5	574.0540771484375	5	121.79086303710938	
18766	4	p2	9.5592825688866423e-06	1.4264990415276971e-06	5	574.0540771484375	5	121.79086303710938	
18766	4	nlambda	4.2526847388603892	0.046513089902789351	5	574.0540771484375	5	121.79086303710938	
18766	5	p0	-3.2131219408984917	0.61992084000917225	5	415.88726806640625	5	94.561370849609375	
18766	5	p1	0.16640626113967186	0.0025559453841680247	5	415.88726806640625	5	94.561370849609375	
18766	5	p2	1.5114344312892099e-05	1.9114159558836951e-06	5	415.88726806640625	5	94.561370849609375	
18766	5	nlambda	3.959583627287492	0.040649274650587132	5	415.88726806640625	5	94.561370849609375	
18766	6	p0	-2.1873723393340994	0.55374445422487051	5	630.74365234375	5	133.25738525390625	
18766	6	p1	0.16644539259714181	0.0022577640300824862	5	630.74365234375	5	133.25738525390625	
18766	6	p2	1.5314042053045985e-05	1.6589118690658946e-06	5	630.74365234375	5	133.25738525390625	
18766	6	nlambda	4.0338418989640781	0.041709986003927439	5	630.74365234375	5	133.25738525390625	
18766	7	p0	-2.7247982983286034	0.61441790634696314	5	372.512939453125	5	74.088478088378906	
18766	7	p1	0.068416620883921725	0.0012486333377919811	5	372.512939453125	5	74.088478088378906	
18766	7	p2	2.7463789930464293e-06	4.2932215268296071e-07	5	372.512939453125	5	74.088478088378906	
18766	7	nlambda	4.4088253848398811	0.049032848682659814	5	372.512939453125	5	74.088478088378906	
18766	8	PDq1	4	0	5	60.504478454589844	2.4857357683120151e-37	5	
18766	8	PDq2	-0.0031189518669457014	0.00042041174427252895	5	60.504478454589844	2.4857357683120151e-37	5	
18766	8	PDq3	-1.2710438249524281e-07	9.3695926656400793e-07	5	60.504478454589844	2.4857357683120151e-37	5	
18766	10	Chisq/nvars	411.21401428357007	34	349	3
18767	0	p0	-2.8743015305463615	0.52725598477180935	5	331.19525146484375	5	54.873664855957031	
18767	0	p1	0.12241446600758356	0.0021313713414268204	5	331.19525146484375	5	54.873664855957031	
18767	0	p2	2.3388242043738351e-06	1.4683872369609246e-06	5	331.19525146484375	5	54.873664855957031	
18767	0	nlambda	4.9581954342804639	0.049310612743200463	5	331.19525146484375	5	54.873664855957031	
18767	1	p0	-3.0976652648586116	0.58543206852777774	8.181060791015625	952.5513916015625	5	134.23202514648438	
18767	1	p1	0.23885564542410495	0.0034824152473852659	8.181060791015625	952.5513916015625	5	134.23202514648438	
18767	1	p2	1.1964751221198413e-05	3.1210787172577443e-06	8.181060791015625	952.5513916015625	5	134.23202514648438	
18767	1	nlambda	5.6187129824699085	0.063641782926876361	8.181060791015625	952.5513916015625	5	134.23202514648438	
18767	2	p0	-4.1323936225225486	0.69464301015035601	18.113323211669922	1022.6764526367188	5	288.345703125	
18767	2	p1	0.29150074586831815	0.0041578922736221621	18.113323211669922	1022.6764526367188	5	288.345703125	
18767	2	p2	6.7408646774714041e-06	4.0006931262859629e-06	18.113323211669922	1022.6764526367188	5	288.345703125	
18767	2	nlambda	5.2887216173367362	0.055789605550929905	18.113323211669922	1022.6764526367188	5	288.345703125	
18767	3	p0	-4.4149252932264291	0.64502573220484127	8.181060791015625	1022.6764526367188	5	162.58993530273438	
18767	3	p1	0.30110169387348584	0.0042689328049276623	8.181060791015625	1022.6764526367188	5	162.58993530273438	
18767	3	p2	9.3416705189214421e-06	4.3581687906679589e-06	8.181060791015625	1022.6764526367188	5	162.58993530273438	
18767	3	nlambda	4.8118463363940345	0.049826797049089287	8.181060791015625	1022.6764526367188	5	162.58993530273438	
18767	4	p0	-4.3313345695044081	0.53127988319565178	5	574.96343994140625	5	120.2686767578125	
18767	4	p1	0.15572772656974107	0.0019464154218812055	5	574.96343994140625	5	120.2686767578125	
18767	4	p2	7.5650004176664503e-06	1.1879433211321124e-06	5	574.96343994140625	5	120.2686767578125	
18767	4	nlambda	4.1721805584311316	0.037728801942007222	5	574.96343994140625	5	120.2686767578125	
18767	5	p0	-4.6400276634618249	0.54923081401961682	5	419.75967407226562	5	93.692420959472656	
18767	5	p1	0.17330664692590289	0.002192709485209839	5	419.75967407226562	5	93.692420959472656	
18767	5	p2	6.6345408450495654e-06	1.5210905103541699e-06	5	419.75967407226562	5	93.692420959472656	
18767	5	nlambda	3.8913262703951408	0.033054103186122182	5	419.75967407226562	5	93.692420959472656	
18767	6	p0	-4.2981164906592877	0.51476632121483179	5	574.96343994140625	5	120.2686767578125	
18767	6	p1	0.17610777236318506	0.0019996232196906852	5	574.96343994140625	5	120.2686767578125	
18767	6	p2	7.1255847885149252e-06	1.3251682587089444e-06	5	574.96343994140625	5	120.2686767578125	
18767	6	nlambda	3.9424251212818557	0.033678811506715763	5	574.96343994140625	5	120.2686767578125	
18767	7	p0	-4.1096836544176227	0.53280760505989788	5	370.72262573242188	5	73.268211364746094	
18767	7	p1	0.07021899012743571	0.0010692709024300189	5	370.72262573242188	5	73.268211364746094	
18767	7	p2	1.6139517289912062e-06	3.5263649737132591e-07	5	370.72262573242188	5	73.268211364746094	
18767	7	nlambda	4.3600460584967431	0.04020522100573648	5	370.72262573242188	5	73.268211364746094	
18767	8	PDq1	4	0	5	54.873664855957031	1.81761639080432e-37	5	
18767	8	PDq2	-0.0040938409357960679	0.00033023084678469487	5	54.873664855957031	1.81761639080432e-37	5	
18767	8	PDq3	1.8166669876147654e-06	7.4656461629976914e-07	5	54.873664855957031	1.81761639080432e-37	5	
18767	10	Chisq/nvars	408.56660999343393	34	348	3
18768	0	p0	-2.879989754611227	0.56833263585959815	5	330.33743286132812	5	53.208633422851562	
18768	0	p1	0.1201966985724707	0.0023468219569615497	5	330.33743286132812	5	53.208633422851562	
18768	0	p2	3.7826009063222021e-06	1.6187925230333229e-06	5	330.33743286132812	5	53.208633422851562	
18768	0	nlambda	5.0809944028656622	0.059608021862109055	5	330.33743286132812	5	53.208633422851562	
18768	1	p0	-2.8199265365470736	0.67035683970258264	8.8630533218383789	951.5274658203125	5	132.95933532714844	
18768	1	p1	0.23386107679961693	0.0040615099869083602	8.8630533218383789	951.5274658203125	5	132.95933532714844	
18768	1	p2	2.1188190917795036e-05	3.6881645855038943e-06	8.8630533218383789	951.5274658203125	5	132.95933532714844	
18768	1	nlambda	5.7763758261195095	0.077656824643103209	8.8630533218383789	951.5274658203125	5	132.95933532714844	
18768	2	p0	-3.5583339098200804	0.80850247855560864	17.84007453918457	1025.7579345703125	5	290.14877319335938	
18768	2	p1	0.27646553542134589	0.0049772456059760254	17.84007453918457	1025.7579345703125	5	290.14877319335938	
18768	2	p2	2.5558960654346383e-05	5.0029531985261109e-06	17.84007453918457	1025.7579345703125	5	290.14877319335938	
18768	2	nlambda	5.4890191995853028	0.070197487901384581	17.84007453918457	1025.7579345703125	5	290.14877319335938	
18768	3	p0	-4.5253127425880528	0.74331856824924225	8.8630533218383789	1025.7579345703125	5	162.46853637695312	
18768	3	p1	0.30068492336373109	0.0048801642996467278	8.8630533218383789	1025.7579345703125	5	162.46853637695312	
18768	3	p2	1.4004135533869623e-05	5.0876249029255767e-06	8.8630533218383789	1025.7579345703125	5	162.46853637695312	
18768	3	nlambda	4.8460106485142935	0.058534994460205374	8.8630533218383789	1025.7579345703125	5	162.46853637695312	
18768	4	p0	-4.1797088073400799	0.59549823138486158	5	572.526611328125	5	118.31849670410156	
18768	4	p1	0.15332923023897982	0.0021970729152082915	5	572.526611328125	5	118.31849670410156	
18768	4	p2	1.0088262935647582e-05	1.3762224910783639e-06	5	572.526611328125	5	118.31849670410156	
18768	4	nlambda	4.2749693244205282	0.045523805519300922	5	572.526611328125	5	118.31849670410156	
18768	5	p0	-4.0601668368829866	0.5929982365571681	5	414.7940673828125	5	95.274452209472656	
18768	5	p1	0.16904405296800307	0.0024748377444803469	5	414.7940673828125	5	95.274452209472656	
18768	5	p2	1.1547424552476379e-05	1.7950205239723301e-06	5	414.7940673828125	5	95.274452209472656	
18768	5	nlambda	3.9737397775085217	0.039698490408670552	5	414.7940673828125	5	95.274452209472656	
18768	6	p0	-3.1966130620283821	0.56787088291859711	5	627.0391845703125	5	132.95933532714844	
18768	6	p1	0.17041205694825751	0.0022438081789462284	5	627.0391845703125	5	132.95933532714844	
18768	6	p2	1.2194335893451551e-05	1.6062134336837399e-06	5	627.0391845703125	5	132.95933532714844	
18768	6	nlambda	3.9887591419302146	0.040059719715697509	5	627.0391845703125	5	132.95933532714844	
18768	7	p0	-4.1125920045390929	0.61098151294847625	5	373.387451171875	5	73.224456787109375	
18768	7	p1	0.069793907608290559	0.0012022287900644618	5	373.387451171875	5	73.224456787109375	
18768	7	p2	2.0340390536242637e-06	4.0234004334893754e-07	5	373.387451171875	5	73.224456787109375	
18768	7	nlambda	4.4026549339642234	0.047142593241907858	5	373.387451171875	5	73.224456787109375	
18768	8	PDq1	4	0	5	53.208633422851562	1.4758448521338458e-37	5	
18768	8	PDq2	-0.0034250003541420149	0.00039558638094508241	5	53.208633422851562	1.4758448521338458e-37	5	
18768	8	PDq3	4.7337507310583035e-07	8.848675395475154e-07	5	53.208633422851562	1.4758448521338458e-37	5	
18768	10	Chisq/nvars	281.52320414928698	34	348	3
