22767	0	p0	-3.319214291117313	0.52453508846083485	-0.42796581983566284	92.125015258789062	-1.3748931884765625	718.09130859375	
22767	0	p1	0.65028755008965788	0.0036626180140582431	-0.42796581983566284	92.125015258789062	-1.3748931884765625	718.09130859375	
22767	0	p2	4.7997499108770462e-05	3.2795838322407163e-06	-0.42796581983566284	92.125015258789062	-1.3748931884765625	718.09130859375	
22767	0	nlambda	5.2532540088702584	0.031397521215562343	-0.42796581983566284	92.125015258789062	-1.3748931884765625	718.09130859375	
22767	1	p0	-4.6956941136026202	0.5681265885807123	-0.42796581983566284	121.70043182373047	-1.3748931884765625	718.09130859375	
22767	1	p1	1.6326195637642915	0.011422260152646222	-0.42796581983566284	121.70043182373047	-1.3748931884765625	718.09130859375	
22767	1	p2	0.00020857667778875771	1.9039706982253785e-05	-0.42796581983566284	121.70043182373047	-1.3748931884765625	718.09130859375	
22767	1	nlambda	6.1197685488387394	0.044699361446978517	-0.42796581983566284	121.70043182373047	-1.3748931884765625	718.09130859375	
22767	2	p0	-16.091950576102686	2.0367866135807198	-0.98103845119476318	169.33644104003906	-1.3748931884765625	718.09130859375	
22767	2	p1	1.8095692955968343	0.013956499525928943	-0.98103845119476318	169.33644104003906	-1.3748931884765625	718.09130859375	
22767	2	p2	0.00013906836995250478	1.3468773449646251e-05	-0.98103845119476318	169.33644104003906	-1.3748931884765625	718.09130859375	
22767	2	nlambda	5.7342627242262143	0.036476279732294385	-0.98103845119476318	169.33644104003906	-1.3748931884765625	718.09130859375	
22767	3	p0	-2.2826213901578938	0.56476570147520011	-0.98103845119476318	211.43057250976562	-1.3748931884765625	718.09130859375	
22767	3	p1	1.6005092799076865	0.0087780253619963288	-0.98103845119476318	211.43057250976562	-1.3748931884765625	718.09130859375	
22767	3	p2	4.5769468022614887e-05	7.5030903998734136e-06	-0.98103845119476318	211.43057250976562	-1.3748931884765625	718.09130859375	
22767	3	nlambda	5.2676537316891858	0.034530473405610267	-0.98103845119476318	211.43057250976562	-1.3748931884765625	718.09130859375	
22767	4	p0	-5.5731533327809277	1.5747048290296037	-0.42796581983566284	68.758354187011719	-1.3748931884765625	376.947265625	
22767	4	p1	0.5344252182789907	0.0051981390830759637	-0.42796581983566284	68.758354187011719	-1.3748931884765625	376.947265625	
22767	4	p2	2.6089193485120897e-05	3.6702657756983955e-06	-0.42796581983566284	68.758354187011719	-1.3748931884765625	376.947265625	
22767	4	nlambda	4.0922102181289608	0.021148683412460616	-0.42796581983566284	68.758354187011719	-1.3748931884765625	376.947265625	
22767	5	p0	-13.889162631859865	1.5415897166534149	-0.42796581983566284	75.931838989257812	-1.3748931884765625	344.789794921875	
22767	5	p1	0.48797352729117544	0.0047113218827385082	-0.42796581983566284	75.931838989257812	-1.3748931884765625	344.789794921875	
22767	5	p2	3.1981983466745301e-05	3.1468013885437444e-06	-0.42796581983566284	75.931838989257812	-1.3748931884765625	344.789794921875	
22767	5	nlambda	3.794530621044812	0.018342455313133867	-0.42796581983566284	75.931838989257812	-1.3748931884765625	344.789794921875	
22767	6	p0	-2.9471438118019906	1.5125966977163006	-0.98103845119476318	61.405021667480469	-1.3748931884765625	286.73074340820312	
22767	6	p1	0.46479399616769085	0.0049602958865965132	-0.98103845119476318	61.405021667480469	-1.3748931884765625	286.73074340820312	
22767	6	p2	1.6060396776443351e-05	3.327397355514702e-06	-0.98103845119476318	61.405021667480469	-1.3748931884765625	286.73074340820312	
22767	6	nlambda	3.8778223542899979	0.019479025602297709	-0.98103845119476318	61.405021667480469	-1.3748931884765625	286.73074340820312	
22767	7	p0	-10.732734239485291	1.8649530552747104	-0.98103845119476318	61.405021667480469	-1.3748931884765625	344.789794921875	
22767	7	p1	0.48652395321894976	0.0056256294697570068	-0.98103845119476318	61.405021667480469	-1.3748931884765625	344.789794921875	
22767	7	p2	9.527395421548153e-06	3.3734915894516349e-06	-0.98103845119476318	61.405021667480469	-1.3748931884765625	344.789794921875	
22767	7	nlambda	4.4159147620211741	0.025831718502669392	-0.98103845119476318	61.405021667480469	-1.3748931884765625	344.789794921875	
22767	8	PDq1	4	0	-1.3748931884765625	718.09130859375	1.7290740581413693e-37	-0.42796581983566284	
22767	8	PDq2	-0.003158706554428735	9.9228909381828554e-05	-1.3748931884765625	718.09130859375	1.7290740581413693e-37	-0.42796581983566284	
22767	8	PDq3	7.8241600191200285e-07	1.2768510687932823e-07	-1.3748931884765625	718.09130859375	1.7290740581413693e-37	-0.42796581983566284	
22767	10	Chisq/nvars	1623.529260111434	34	320	3
22767	0	p0	-11.313219054333954	1.6202774979122234	-0.42796581983566284	92.125015258789062	-1.3748931884765625	718.09130859375	
22767	0	p1	0.67391101952890553	0.0058692344908212969	-0.42796581983566284	92.125015258789062	-1.3748931884765625	718.09130859375	
22767	0	p2	4.0265511370859206e-05	3.7355751164673096e-06	-0.42796581983566284	92.125015258789062	-1.3748931884765625	718.09130859375	
22767	0	nlambda	5.2811634175040263	0.031397364768769205	-0.42796581983566284	92.125015258789062	-1.3748931884765625	718.09130859375	
22767	1	p0	-27.186189426538025	2.2658984016729748	-0.42796581983566284	121.70043182373047	-1.3748931884765625	718.09130859375	
22767	1	p1	1.7558524559075408	0.016773724717873955	-0.42796581983566284	121.70043182373047	-1.3748931884765625	718.09130859375	
22767	1	p2	0.00010784404714286873	2.0013701499116658e-05	-0.42796581983566284	121.70043182373047	-1.3748931884765625	718.09130859375	
22767	1	nlambda	6.1100256944366773	0.045152451734155656	-0.42796581983566284	121.70043182373047	-1.3748931884765625	718.09130859375	
22767	2	p0	-16.69998109654415	1.9707634237900968	-0.98103845119476318	169.33644104003906	-1.3748931884765625	718.09130859375	
22767	2	p1	1.8206942355360889	0.014059044463357803	-0.98103845119476318	169.33644104003906	-1.3748931884765625	718.09130859375	
22767	2	p2	0.00014699754384117452	1.4164227745191082e-05	-0.98103845119476318	169.33644104003906	-1.3748931884765625	718.09130859375	
22767	2	nlambda	5.7690011502754741	0.038439811859628491	-0.98103845119476318	169.33644104003906	-1.3748931884765625	718.09130859375	
22767	3	p0	4.5245048982827107	1.5743989304392796	-0.98103845119476318	211.43057250976562	-1.3748931884765625	718.09130859375	
22767	3	p1	1.5863779609474142	0.0107225003632843	-0.98103845119476318	211.43057250976562	-1.3748931884765625	718.09130859375	
22767	3	p2	6.3717654111784675e-05	7.9763778508690773e-06	-0.98103845119476318	211.43057250976562	-1.3748931884765625	718.09130859375	
22767	3	nlambda	5.2988897926016598	0.034906090750055435	-0.98103845119476318	211.43057250976562	-1.3748931884765625	718.09130859375	
22767	4	p0	-5.6284383353124161	1.5250987629889396	-0.42796581983566284	68.758354187011719	-1.3748931884765625	376.947265625	
22767	4	p1	0.53490015654779055	0.0049703164242698022	-0.42796581983566284	68.758354187011719	-1.3748931884765625	376.947265625	
22767	4	p2	2.8803493892468242e-05	3.6823899250010472e-06	-0.42796581983566284	68.758354187011719	-1.3748931884765625	376.947265625	
22767	4	nlambda	4.1128241890534545	0.022305460079904801	-0.42796581983566284	68.758354187011719	-1.3748931884765625	376.947265625	
22767	5	p0	-13.947670825891855	1.5581031815293427	-0.42796581983566284	75.931838989257812	-1.3748931884765625	344.789794921875	
22767	5	p1	0.48826990827467182	0.004715284537380798	-0.42796581983566284	75.931838989257812	-1.3748931884765625	344.789794921875	
22767	5	p2	3.4409593745301537e-05	3.2398404647824045e-06	-0.42796581983566284	75.931838989257812	-1.3748931884765625	344.789794921875	
22767	5	nlambda	3.8132422382469091	0.018429108264495883	-0.42796581983566284	75.931838989257812	-1.3748931884765625	344.789794921875	
22767	6	p0	-2.9808357958701421	1.5233702287683548	-0.98103845119476318	61.405021667480469	-1.3748931884765625	286.73074340820312	
22767	6	p1	0.46511098307635718	0.0048692042519842228	-0.98103845119476318	61.405021667480469	-1.3748931884765625	286.73074340820312	
22767	6	p2	1.810815885080126e-05	3.3058961901781771e-06	-0.98103845119476318	61.405021667480469	-1.3748931884765625	286.73074340820312	
22767	6	nlambda	3.8948527616274298	0.019812312646025888	-0.98103845119476318	61.405021667480469	-1.3748931884765625	286.73074340820312	
22767	7	p0	-10.800414767989476	1.8749002131633754	-0.98103845119476318	61.405021667480469	-1.3748931884765625	344.789794921875	
22767	7	p1	0.48703127835730242	0.0056989547160252304	-0.98103845119476318	61.405021667480469	-1.3748931884765625	344.789794921875	
22767	7	p2	1.1520836920230943e-05	3.5014314885855322e-06	-0.98103845119476318	61.405021667480469	-1.3748931884765625	344.789794921875	
22767	7	nlambda	4.438106553645496	0.025484213207142503	-0.98103845119476318	61.405021667480469	-1.3748931884765625	344.789794921875	
22767	8	PDq1	4	0	-1.3748931884765625	718.09130859375	8.9094511520221011e-38	-0.42796581983566284	
22767	8	PDq2	-0.0030023401072976157	0.00010266090352016729	-1.3748931884765625	718.09130859375	8.9094511520221011e-38	-0.42796581983566284	
22767	8	PDq3	5.6706891214718408e-07	1.3283299958344887e-07	-1.3748931884765625	718.09130859375	8.9094511520221011e-38	-0.42796581983566284	
22767	10	Chisq/nvars	1452.0286067131178	34	302	3
